# Clock	In Chain	On Target
1	0	0
2	0	0
3	0	0
4	0	0
5	0	0
6	0	0
7	0	0
8	0	0
9	0	0
10	0	0
11	0	0
12	0	0
13	0	0
14	0	0
15	0	0
16	0	0
17	0	0
18	0	0
19	0	0
20	0	0
21	0	0
22	0	0
23	0	0
24	0	0
25	0	0
26	0	0
27	0	0
28	0	0
29	0	0
30	0	0
31	0	0
32	0	0
33	0	0
34	0	0
35	0	0
36	0	0
37	0	0
38	0	0
39	0	0
40	0	0
41	0	0
42	0	0
43	0	0
44	0	0
45	0	0
46	0	0
47	0	0
48	0	0
49	0	0
50	0	0
51	0	0
52	0	0
53	0	0
54	0	0
55	0	0
56	0	0
57	0	0
58	0	0
59	0	0
60	0	0
61	0	0
62	0	0
63	0	0
64	0	0
65	0	0
66	0	0
67	0	0
68	0	0
69	0	0
70	0	0
71	0	0
72	0	0
73	0	0
74	0	0
75	0	0
76	0	0
77	0	0
78	0	0
79	0	0
80	0	0
81	0	0
82	0	0
83	0	0
84	0	0
85	0	0
86	0	0
87	0	0
88	0	0
89	0	0
90	0	0
91	0	0
92	0	0
93	0	0
94	0	0
95	0	0
96	0	0
97	0	0
98	0	0
99	0	0
100	0	0
101	0	0
102	0	0
103	0	0
104	0	0
105	0	0
106	0	0
107	0	0
108	0	0
109	0	0
110	0	0
111	0	0
112	0	0
113	0	0
114	0	0
115	0	0
116	0	0
117	0	0
118	0	0
119	0	0
120	0	0
121	0	0
122	0	0
123	0	0
124	0	0
125	0	0
126	0	0
127	0	0
128	0	0
129	0	0
130	0	0
131	0	0
132	0	0
133	0	0
134	0	0
135	0	0
136	0	0
137	0	0
138	0	0
139	0	0
140	0	0
141	0	0
142	0	0
143	0	0
144	0	0
145	0	0
146	0	0
147	0	0
148	0	0
149	0	0
150	0	0
151	0	0
152	0	0
153	0	0
154	0	0
155	0	0
156	0	0
157	0	0
158	0	0
159	0	0
160	0	0
161	0	0
162	0	0
163	0	0
164	0	0
165	0	0
166	0	0
167	0	0
168	0	0
169	0	0
170	0	0
171	0	0
172	0	0
173	0	0
174	0	0
175	0	0
176	0	0
177	0	0
178	0	0
179	0	0
180	0	0
181	0	0
182	0	0
183	0	0
184	0	0
185	0	0
186	0	0
187	0	0
188	0	0
189	0	0
190	0	0
191	0	0
192	0	0
193	0	0
194	0	0
195	0	0
196	0	0
197	0	0
198	0	0
199	0	0
200	0	0
201	0	0
202	0	0
203	0	0
204	0	0
205	0	0
206	0	0
207	0	0
208	0	0
209	0	0
210	0	0
211	0	0
212	0	0
213	0	0
214	0	0
215	0	0
216	0	0
217	0	0
218	0	0
219	0	0
220	0	0
221	0	0
222	0	0
223	0	0
224	0	0
225	0	0
226	0	0
227	0	0
228	0	0
229	0	0
230	0	0
231	0	0
232	0	0
233	0	0
234	0	0
235	0	0
236	0	0
237	0	0
238	0	0
239	0	0
240	0	0
241	0	0
242	0	0
243	0	0
244	0	0
245	0	0
246	0	0
247	0	0
248	0	0
249	0	0
250	0	0
251	0	0
252	0	0
253	0	0
254	0	0
255	0	0
256	0	0
257	0	0
258	0	0
259	0	0
260	0	0
261	0	0
262	0	0
263	0	0
264	0	0
265	0	0
266	0	0
267	0	0
268	0	0
269	0	0
270	0	0
271	0	0
272	0	0
273	0	0
274	0	0
275	0	0
276	0	0
277	0	0
278	0	0
279	0	0
280	0	0
281	0	0
282	0	0
283	0	0
284	0	0
285	0	0
286	0	0
287	0	0
288	0	0
289	0	0
290	0	0
291	0	0
292	0	0
293	0	0
294	0	0
295	0	0
296	0	0
297	0	0
298	0	0
299	0	0
300	0	0
301	0	0
302	0	0
303	0	0
304	0	0
305	0	0
306	0	0
307	0	0
308	0	0
309	0	0
310	0	0
311	0	0
312	0	0
313	0	0
314	0	0
315	0	0
316	0	0
317	0	0
318	0	0
319	0	0
320	0	0
321	0	0
322	0	0
323	0	0
324	0	0
325	0	0
326	0	0
327	0	0
328	0	0
329	0	0
330	0	0
331	0	0
332	0	0
333	0	0
334	0	0
335	0	0
336	0	0
337	0	0
338	0	0
339	0	0
340	0	0
341	0	0
342	0	0
343	0	0
344	0	0
345	0	0
346	0	0
347	0	0
348	0	0
349	0	0
350	0	0
351	0	0
352	0	0
353	0	0
354	0	0
355	0	0
356	0	0
357	0	0
358	0	0
359	0	0
360	0	0
361	0	0
362	0	0
363	0	0
364	0	0
365	0	0
366	0	0
367	0	0
368	0	0
369	0	0
370	0	0
371	0	0
372	0	0
373	0	0
374	0	0
375	0	0
376	0	0
377	0	0
378	0	0
379	0	0
380	0	0
381	0	0
382	0	0
383	0	0
384	0	0
385	0	0
386	0	0
387	0	0
388	0	0
389	0	0
390	0	0
391	0	0
392	0	0
393	0	0
394	0	0
395	0	0
396	0	0
397	0	0
398	0	0
399	0	0
400	0	0
401	0	0
402	0	0
403	0	0
404	0	0
405	0	0
406	0	0
407	0	0
408	0	0
409	0	0
410	0	0
411	0	0
412	0	0
413	0	0
414	0	0
415	0	0
416	0	0
417	0	0
418	0	0
419	0	0
420	0	0
421	0	0
422	0	0
423	0	0
424	0	0
425	0	0
426	0	0
427	0	0
428	0	0
429	0	0
430	0	0
431	0	0
432	0	0
433	0	0
434	0	0
435	0	0
436	0	0
437	0	0
438	0	0
439	0	0
440	0	0
441	0	0
442	0	0
443	0	0
444	0	0
445	0	0
446	0	0
447	0	0
448	0	0
449	0	0
450	0	0
451	0	0
452	0	0
453	0	0
454	0	0
455	0	0
456	0	0
457	0	0
458	0	0
459	0	0
460	0	0
461	0	0
462	0	0
463	0	0
464	0	0
465	0	0
466	0	0
467	0	0
468	0	0
469	0	0
470	0	0
471	0	0
472	0	0
473	0	0
474	0	0
475	0	0
476	0	0
477	0	0
478	0	0
479	0	0
480	0	0
481	0	0
482	0	0
483	0	0
484	0	0
485	0	0
486	0	0
487	0	0
488	0	0
489	0	0
490	0	0
491	0	0
492	0	0
493	0	0
494	0	0
495	0	0
496	0	0
497	0	0
498	0	0
499	0	0
500	0	0
501	0	0
502	0	0
503	0	0
504	0	0
505	0	0
506	0	0
507	0	0
508	0	0
509	0	0
510	0	0
511	0	0
512	0	0
513	0	0
514	0	0
515	0	0
516	0	0
517	0	0
518	0	0
519	0	0
520	0	0
521	0	0
522	0	0
523	0	0
524	0	0
525	0	0
526	0	0
527	0	0
528	0	0
529	0	0
530	0	0
531	0	0
532	0	0
533	0	0
534	0	0
535	0	0
536	0	0
537	0	0
538	0	0
539	0	0
540	0	0
541	0	0
542	0	0
543	0	0
544	0	0
545	0	0
546	0	0
547	0	0
548	0	0
549	0	0
550	0	0
551	0	0
552	0	0
553	0	0
554	0	0
555	0	0
556	0	0
557	0	0
558	0	0
559	0	0
560	0	0
561	0	0
562	0	0
563	0	0
564	0	0
565	0	0
566	0	0
567	0	0
568	0	0
569	0	0
570	0	0
571	0	0
572	0	0
573	0	0
574	0	0
575	0	0
576	0	0
577	0	0
578	0	0
579	0	0
580	0	0
581	0	0
582	0	0
583	0	0
584	0	0
585	0	0
586	0	0
587	0	0
588	0	0
589	0	0
590	0	0
591	0	0
592	0	0
593	0	0
594	0	0
595	0	0
596	0	0
597	0	0
598	0	0
599	0	0
600	0	0
601	0	0
602	0	0
603	0	0
604	0	0
605	0	0
606	0	0
607	0	0
608	0	0
609	0	0
610	0	0
611	0	0
612	0	0
613	0	0
614	0	0
615	0	0
616	0	0
617	0	0
618	0	0
619	0	0
620	0	0
621	0	0
622	0	0
623	0	0
624	0	0
625	0	0
626	0	0
627	0	0
628	0	0
629	0	0
630	0	0
631	0	0
632	0	0
633	0	0
634	0	0
635	0	0
636	0	0
637	0	0
638	0	0
639	0	0
640	0	0
641	0	0
642	0	0
643	0	0
644	0	0
645	0	0
646	0	0
647	0	0
648	0	0
649	0	0
650	0	0
651	0	0
652	0	0
653	0	0
654	0	0
655	0	0
656	0	0
657	0	0
658	0	0
659	0	0
660	0	0
661	0	0
662	0	0
663	0	0
664	0	0
665	0	0
666	0	0
667	0	0
668	0	0
669	0	0
670	0	0
671	0	0
672	0	0
673	0	0
674	0	0
675	0	0
676	0	0
677	0	0
678	0	0
679	0	0
680	0	0
681	0	0
682	0	0
683	0	0
684	0	0
685	0	0
686	0	0
687	0	0
688	0	0
689	0	0
690	0	0
691	0	0
692	0	0
693	0	0
694	0	0
695	0	0
696	0	0
697	0	0
698	0	0
699	0	0
700	0	0
701	0	0
702	0	0
703	0	0
704	0	0
705	0	0
706	0	0
707	0	0
708	0	0
709	0	0
710	0	0
711	0	0
712	0	0
713	0	0
714	0	0
715	0	0
716	0	0
717	0	0
718	0	0
719	0	0
720	0	0
721	0	0
722	0	0
723	0	0
724	0	0
725	0	0
726	0	0
727	0	0
728	0	0
729	0	0
730	0	0
731	0	0
732	0	0
733	0	0
734	0	0
735	0	0
736	0	0
737	0	0
738	0	0
739	0	0
740	0	0
741	0	0
742	0	0
743	0	0
744	0	0
745	0	0
746	0	0
747	0	0
748	0	0
749	0	0
750	0	0
751	0	0
752	0	0
753	0	0
754	0	0
755	0	0
756	0	0
757	0	0
758	0	0
759	0	0
760	0	0
761	0	0
762	0	0
763	0	0
764	0	0
765	0	0
766	0	0
767	0	0
768	0	0
769	0	0
770	0	0
771	0	0
772	0	0
773	0	0
774	1	0
775	1	0
776	1	0
777	1	0
778	1	0
779	1	0
780	1	0
781	1	0
782	1	0
783	1	0
784	1	0
785	1	0
786	1	0
787	1	0
788	1	0
789	1	0
790	1	0
791	1	0
792	1	0
793	1	0
794	1	0
795	1	0
796	1	0
797	1	0
798	1	0
799	1	0
800	1	0
801	1	0
802	1	0
803	1	0
804	1	0
805	1	0
806	1	0
807	1	0
808	1	0
809	1	0
810	1	0
811	1	0
812	1	0
813	1	0
814	1	0
815	1	0
816	1	0
817	1	0
818	1	0
819	1	0
820	1	0
821	1	0
822	1	0
823	1	0
824	1	0
825	1	0
826	1	0
827	1	0
828	1	0
829	1	0
830	1	0
831	1	0
832	1	0
833	1	0
834	1	0
835	1	0
836	1	0
837	1	0
838	1	0
839	1	0
840	1	0
841	1	0
842	1	0
843	1	0
844	1	0
845	1	0
846	1	0
847	1	0
848	1	0
849	1	0
850	1	0
851	1	0
852	1	0
853	1	0
854	1	0
855	1	0
856	1	0
857	1	0
858	1	0
859	1	0
860	1	0
861	1	0
862	1	0
863	1	0
864	1	0
865	1	0
866	1	0
867	1	0
868	1	0
869	1	0
870	1	0
871	1	0
872	1	0
873	1	0
874	1	0
875	1	0
876	1	0
877	1	0
878	1	0
879	1	0
880	1	0
881	1	0
882	1	0
883	1	0
884	1	0
885	1	0
886	1	0
887	1	0
888	1	0
889	1	0
890	1	0
891	1	0
892	1	0
893	1	0
894	1	0
895	1	0
896	1	0
897	1	0
898	1	0
899	1	0
900	1	0
901	1	0
902	1	0
903	1	0
904	1	0
905	1	0
906	1	0
907	1	0
908	1	0
909	1	0
910	1	0
911	1	0
912	1	0
913	1	0
914	1	0
915	1	0
916	1	0
917	1	0
918	1	0
919	1	0
920	1	0
921	1	0
922	1	0
923	1	0
924	1	0
925	1	0
926	1	0
927	1	0
928	1	0
929	1	0
930	1	0
931	1	0
932	1	0
933	1	0
934	1	0
935	1	0
936	1	0
937	1	0
938	1	0
939	1	0
940	1	0
941	1	0
942	1	0
943	1	0
944	1	0
945	1	0
946	1	0
947	1	0
948	1	0
949	2	0
950	2	0
951	2	0
952	2	0
953	2	0
954	2	0
955	2	0
956	2	0
957	2	0
958	2	0
959	2	0
960	2	0
961	2	0
962	2	0
963	2	0
964	2	0
965	2	0
966	2	0
967	2	0
968	2	0
969	2	0
970	2	0
971	2	0
972	2	0
973	2	0
974	2	0
975	2	0
976	2	0
977	2	0
978	2	0
979	2	0
980	2	0
981	2	0
982	2	0
983	2	0
984	2	0
985	2	0
986	2	0
987	2	0
988	2	0
989	2	0
990	2	0
991	2	0
992	2	0
993	3	0
994	3	0
995	3	0
996	3	0
997	3	0
998	3	0
999	3	0
1000	3	0
1001	3	0
1002	3	0
1003	3	0
1004	3	0
1005	3	0
1006	3	0
1007	3	0
1008	3	0
1009	3	0
1010	3	0
1011	3	0
1012	3	0
1013	3	0
1014	3	0
1015	3	0
1016	3	0
1017	3	0
1018	3	0
1019	3	0
1020	3	0
1021	3	0
1022	3	0
1023	3	0
1024	3	0
1025	3	0
1026	3	0
1027	3	0
1028	3	0
1029	3	0
1030	3	0
1031	3	0
1032	3	0
1033	3	0
1034	3	0
1035	3	0
1036	3	0
1037	3	0
1038	3	0
1039	3	0
1040	3	0
1041	3	0
1042	3	0
1043	3	0
1044	3	0
1045	3	0
1046	3	0
1047	3	0
1048	3	0
1049	3	0
1050	3	0
1051	3	0
1052	3	0
1053	3	0
1054	3	0
1055	3	0
1056	3	0
1057	3	0
1058	3	0
1059	3	0
1060	3	0
1061	3	0
1062	3	0
1063	3	0
1064	3	0
1065	3	0
1066	3	0
1067	3	0
1068	3	0
1069	3	0
1070	3	0
1071	3	0
1072	3	0
1073	3	0
1074	3	0
1075	3	0
1076	3	0
1077	3	0
1078	3	0
1079	3	0
1080	3	0
1081	3	0
1082	3	0
1083	3	0
1084	3	0
1085	3	0
1086	3	0
1087	3	0
1088	3	0
1089	3	0
1090	3	0
1091	3	0
1092	3	0
1093	3	0
1094	3	0
1095	3	0
1096	3	0
1097	3	0
1098	3	0
1099	3	0
1100	3	0
1101	3	0
1102	3	0
1103	3	0
1104	3	0
1105	3	0
1106	3	0
1107	3	0
1108	3	0
1109	3	0
1110	3	0
1111	3	0
1112	3	0
1113	3	0
1114	3	0
1115	3	0
1116	3	0
1117	3	0
1118	3	0
1119	3	0
1120	3	0
1121	3	0
1122	3	0
1123	3	0
1124	3	0
1125	3	0
1126	3	0
1127	3	0
1128	3	0
1129	3	0
1130	3	0
1131	3	0
1132	3	0
1133	3	0
1134	3	0
1135	3	0
1136	3	0
1137	3	0
1138	3	0
1139	3	0
1140	3	0
1141	3	0
1142	3	0
1143	3	0
1144	3	0
1145	3	0
1146	3	0
1147	3	0
1148	3	0
1149	3	0
1150	3	0
1151	3	0
1152	3	0
1153	3	0
1154	3	0
1155	3	0
1156	3	0
1157	3	0
1158	3	0
1159	3	0
1160	3	0
1161	3	0
1162	3	0
1163	3	0
1164	3	0
1165	3	0
1166	3	0
1167	3	0
1168	3	0
1169	3	0
1170	3	0
1171	3	0
1172	3	0
1173	3	0
1174	3	0
1175	3	0
1176	3	0
1177	3	0
1178	3	0
1179	3	0
1180	3	0
1181	3	0
1182	3	0
1183	3	0
1184	3	0
1185	3	0
1186	3	0
1187	3	0
1188	3	0
1189	3	0
1190	3	0
1191	3	0
1192	3	0
1193	3	0
1194	3	0
1195	3	0
1196	3	0
1197	3	0
1198	3	0
1199	3	0
1200	3	0
1201	3	0
1202	3	0
1203	3	0
1204	3	0
1205	3	0
1206	3	0
1207	3	0
1208	3	0
1209	3	0
1210	3	0
1211	3	0
1212	3	0
1213	3	0
1214	3	0
1215	3	0
1216	3	0
1217	3	0
1218	3	0
1219	3	0
1220	3	0
1221	3	0
1222	3	0
1223	3	0
1224	3	0
1225	3	0
1226	3	0
1227	3	0
1228	3	0
1229	3	0
1230	3	0
1231	3	0
1232	3	0
1233	3	0
1234	3	0
1235	3	0
1236	3	0
1237	3	0
1238	3	0
1239	3	0
1240	3	0
1241	3	0
1242	3	0
1243	3	0
1244	3	0
1245	3	0
1246	3	0
1247	3	0
1248	3	0
1249	3	0
1250	3	0
1251	3	0
1252	3	0
1253	3	0
1254	3	0
1255	3	0
1256	4	0
1257	4	0
1258	4	0
1259	4	0
1260	4	0
1261	4	0
1262	4	0
1263	4	0
1264	4	0
1265	4	0
1266	4	0
1267	4	0
1268	4	0
1269	4	0
1270	4	0
1271	4	0
1272	4	0
1273	4	0
1274	4	0
1275	4	0
1276	4	0
1277	4	0
1278	4	0
1279	4	0
1280	4	0
1281	4	0
1282	4	0
1283	4	0
1284	4	0
1285	4	0
1286	4	0
1287	4	0
1288	4	0
1289	4	0
1290	4	0
1291	4	0
1292	4	0
1293	4	0
1294	4	0
1295	4	0
1296	4	0
1297	4	0
1298	4	0
1299	4	0
1300	4	0
1301	4	0
1302	4	0
1303	4	0
1304	4	0
1305	4	0
1306	4	0
1307	4	0
1308	4	0
1309	4	0
1310	4	0
1311	4	0
1312	4	0
1313	4	0
1314	4	0
1315	4	0
1316	4	0
1317	4	0
1318	4	0
1319	4	0
1320	4	0
1321	4	0
1322	4	0
1323	4	0
1324	4	0
1325	4	0
1326	4	0
1327	4	0
1328	4	0
1329	4	0
1330	4	0
1331	4	0
1332	4	0
1333	4	0
1334	4	0
1335	4	0
1336	4	0
1337	4	0
1338	4	0
1339	4	0
1340	4	0
1341	4	0
1342	4	0
1343	4	0
1344	4	0
1345	4	0
1346	4	0
1347	4	0
1348	4	0
1349	4	0
1350	4	0
1351	4	0
1352	4	0
1353	4	0
1354	4	0
1355	4	0
1356	4	0
1357	4	0
1358	4	0
1359	4	0
1360	4	0
1361	4	0
1362	4	0
1363	4	0
1364	4	0
1365	4	0
1366	4	0
1367	4	0
1368	4	0
1369	4	0
1370	4	0
1371	4	0
1372	4	0
1373	4	0
1374	4	0
1375	4	0
1376	4	0
1377	4	0
1378	4	0
1379	4	0
1380	4	0
1381	4	0
1382	4	0
1383	4	0
1384	4	0
1385	4	0
1386	4	0
1387	4	0
1388	4	0
1389	4	0
1390	4	0
1391	4	0
1392	4	0
1393	4	0
1394	4	0
1395	4	0
1396	4	0
1397	4	0
1398	4	0
1399	4	0
1400	4	0
1401	4	0
1402	4	0
1403	4	0
1404	4	0
1405	4	0
1406	4	0
1407	4	0
1408	4	0
1409	4	0
1410	4	0
1411	4	0
1412	4	0
1413	4	0
1414	4	0
1415	4	0
1416	4	0
1417	4	0
1418	4	0
1419	4	0
1420	4	0
1421	4	0
1422	4	0
1423	4	0
1424	4	0
1425	4	0
1426	4	0
1427	4	0
1428	4	0
1429	4	0
1430	4	0
1431	4	0
1432	4	0
1433	4	0
1434	4	0
1435	4	0
1436	4	0
1437	4	0
1438	4	0
1439	4	0
1440	4	0
1441	4	0
1442	4	0
1443	4	0
1444	4	0
1445	4	0
1446	4	0
1447	4	0
1448	4	0
1449	4	0
1450	4	0
1451	4	0
1452	4	0
1453	4	0
1454	4	0
1455	4	0
1456	4	0
1457	4	0
1458	4	0
1459	4	0
1460	4	0
1461	4	0
1462	4	0
1463	4	0
1464	4	0
1465	4	0
1466	4	0
1467	4	0
1468	4	0
1469	4	0
1470	4	0
1471	4	0
1472	4	0
1473	4	0
1474	4	0
1475	4	0
1476	4	0
1477	4	0
1478	4	0
1479	4	0
1480	4	0
1481	4	0
1482	4	0
1483	4	0
1484	4	0
1485	4	0
1486	4	0
1487	4	0
1488	4	0
1489	4	0
1490	4	0
1491	4	0
1492	4	0
1493	4	0
1494	4	0
1495	4	0
1496	4	0
1497	4	0
1498	4	0
1499	4	0
1500	4	0
1501	4	0
1502	4	0
1503	4	0
1504	4	0
1505	4	0
1506	4	0
1507	4	0
1508	4	0
1509	4	0
1510	4	0
1511	4	0
1512	4	0
1513	4	0
1514	4	0
1515	4	0
1516	4	0
1517	4	0
1518	4	0
1519	4	0
1520	4	0
1521	4	0
1522	4	0
1523	4	0
1524	4	0
1525	4	0
1526	4	0
1527	4	0
1528	4	0
1529	4	0
1530	4	0
1531	4	0
1532	4	0
1533	4	0
1534	4	0
1535	4	0
1536	4	0
1537	4	0
1538	4	0
1539	4	0
1540	4	0
1541	4	0
1542	4	0
1543	4	0
1544	4	0
1545	4	0
1546	4	0
1547	4	0
1548	4	0
1549	4	0
1550	4	0
1551	4	0
1552	4	0
1553	4	0
1554	4	0
1555	4	0
1556	4	0
1557	4	0
1558	4	0
1559	4	0
1560	4	0
1561	4	0
1562	4	0
1563	4	0
1564	4	0
1565	4	0
1566	4	0
1567	4	0
1568	4	0
1569	4	0
1570	4	0
1571	4	0
1572	4	0
1573	4	0
1574	4	0
1575	4	0
1576	4	0
1577	4	0
1578	4	0
1579	4	0
1580	4	0
1581	4	0
1582	4	0
1583	4	0
1584	4	0
1585	4	0
1586	4	0
1587	4	0
1588	4	0
1589	4	0
1590	4	0
1591	4	0
1592	4	0
1593	4	0
1594	4	0
1595	4	0
1596	4	0
1597	4	0
1598	4	0
1599	4	0
1600	4	0
1601	4	0
1602	4	0
1603	4	0
1604	4	0
1605	4	0
1606	4	0
1607	4	0
1608	4	0
1609	4	0
1610	4	0
1611	4	0
1612	4	0
1613	4	0
1614	4	0
1615	4	0
1616	4	0
1617	4	0
1618	4	0
1619	4	0
1620	4	0
1621	4	0
1622	4	0
1623	4	0
1624	4	0
1625	4	0
1626	4	0
1627	4	0
1628	4	0
1629	4	0
1630	4	0
1631	4	0
1632	4	0
1633	4	0
1634	4	0
1635	4	0
1636	4	0
1637	4	0
1638	4	0
1639	4	0
1640	4	0
1641	4	0
1642	4	0
1643	4	0
1644	4	0
1645	4	0
1646	4	0
1647	4	0
1648	4	0
1649	4	0
1650	4	0
1651	4	0
1652	4	0
1653	4	0
1654	4	0
1655	4	0
1656	4	0
1657	4	0
1658	4	0
1659	4	0
1660	4	0
1661	4	0
1662	4	0
1663	4	0
1664	4	0
1665	4	0
1666	4	0
1667	4	0
1668	4	0
1669	4	0
1670	4	0
1671	4	0
1672	4	0
1673	4	0
1674	4	0
1675	4	0
1676	4	0
1677	4	0
1678	4	0
1679	4	0
1680	4	0
1681	4	0
1682	4	0
1683	4	0
1684	4	0
1685	4	0
1686	4	0
1687	4	0
1688	4	0
1689	4	0
1690	4	0
1691	4	0
1692	4	0
1693	4	0
1694	4	0
1695	4	0
1696	4	0
1697	4	0
1698	4	0
1699	4	0
1700	4	0
1701	4	0
1702	4	0
1703	4	0
1704	4	0
1705	4	0
1706	4	0
1707	4	0
1708	4	0
1709	4	0
1710	4	0
1711	4	0
1712	4	0
1713	4	0
1714	4	0
1715	4	0
1716	4	0
1717	5	0
1718	5	0
1719	5	0
1720	5	0
1721	5	0
1722	5	0
1723	5	0
1724	5	0
1725	5	0
1726	5	0
1727	5	0
1728	5	0
1729	5	0
1730	5	0
1731	5	0
1732	5	0
1733	5	0
1734	5	0
1735	5	0
1736	5	0
1737	5	0
1738	5	0
1739	5	0
1740	5	0
1741	5	0
1742	5	0
1743	5	0
1744	5	0
1745	5	0
1746	5	0
1747	5	0
1748	5	0
1749	5	0
1750	5	0
1751	5	0
1752	5	0
1753	5	0
1754	5	0
1755	5	0
1756	5	0
1757	5	0
1758	5	0
1759	5	0
1760	5	0
1761	5	0
1762	5	0
1763	5	0
1764	5	0
1765	5	0
1766	5	0
1767	5	0
1768	5	0
1769	5	0
1770	5	0
1771	5	0
1772	5	0
1773	5	0
1774	5	0
1775	5	0
1776	5	0
1777	5	0
1778	5	0
1779	5	0
1780	5	0
1781	5	0
1782	5	0
1783	5	0
1784	5	0
1785	5	0
1786	5	0
1787	5	0
1788	5	0
1789	5	0
1790	5	0
1791	5	0
1792	5	0
1793	5	0
1794	5	0
1795	5	0
1796	5	0
1797	5	0
1798	5	0
1799	5	0
1800	5	0
1801	5	0
1802	5	0
1803	5	0
1804	5	0
1805	5	0
1806	5	0
1807	5	0
1808	5	0
1809	5	0
1810	5	0
1811	5	0
1812	5	0
1813	5	0
1814	5	0
1815	5	0
1816	5	0
1817	5	0
1818	5	0
1819	5	0
1820	5	0
1821	5	0
1822	5	0
1823	5	0
1824	5	0
1825	5	0
1826	5	0
1827	5	0
1828	5	0
1829	5	0
1830	5	0
1831	5	0
1832	5	0
1833	5	0
1834	5	0
1835	5	0
1836	5	0
1837	5	0
1838	5	0
1839	5	0
1840	5	0
1841	5	0
1842	5	0
1843	5	0
1844	5	0
1845	5	0
1846	5	0
1847	5	0
1848	5	0
1849	5	0
1850	5	0
1851	5	0
1852	5	0
1853	5	0
1854	5	0
1855	5	0
1856	5	0
1857	5	0
1858	5	0
1859	5	0
1860	5	0
1861	5	0
1862	5	0
1863	5	0
1864	5	0
1865	5	0
1866	5	0
1867	5	0
1868	5	0
1869	5	0
1870	5	0
1871	5	0
1872	5	0
1873	5	0
1874	5	0
1875	5	0
1876	5	0
1877	5	0
1878	5	0
1879	5	0
1880	5	0
1881	5	0
1882	5	0
1883	5	0
1884	5	0
1885	5	0
1886	5	0
1887	5	0
1888	5	0
1889	5	0
1890	5	0
1891	5	0
1892	5	0
1893	5	0
1894	5	0
1895	5	0
1896	5	0
1897	5	0
1898	5	0
1899	5	0
1900	5	0
1901	5	0
1902	5	0
1903	5	0
1904	5	0
1905	5	0
1906	5	0
1907	5	0
1908	5	0
1909	5	0
1910	5	0
1911	5	0
1912	5	0
1913	5	0
1914	5	0
1915	5	0
1916	5	0
1917	5	0
1918	5	0
1919	5	0
1920	5	0
1921	5	0
1922	5	0
1923	5	0
1924	5	0
1925	5	0
1926	5	0
1927	5	0
1928	5	0
1929	5	0
1930	5	0
1931	5	0
1932	5	0
1933	5	0
1934	5	0
1935	5	0
1936	5	0
1937	5	0
1938	5	0
1939	5	0
1940	5	0
1941	5	0
1942	5	0
1943	5	0
1944	5	0
1945	5	0
1946	5	0
1947	5	0
1948	5	0
1949	5	0
1950	5	0
1951	5	0
1952	5	0
1953	5	0
1954	5	0
1955	5	0
1956	5	0
1957	5	0
1958	5	0
1959	5	0
1960	5	0
1961	5	0
1962	5	0
1963	5	0
1964	5	0
1965	5	0
1966	5	0
1967	5	0
1968	5	0
1969	5	0
1970	5	0
1971	5	0
1972	5	0
1973	5	0
1974	6	0
1975	6	0
1976	6	0
1977	6	0
1978	6	0
1979	6	0
1980	6	0
1981	6	0
1982	6	0
1983	6	0
1984	6	0
1985	6	0
1986	6	0
1987	6	0
1988	6	0
1989	6	0
1990	6	0
1991	6	0
1992	6	0
1993	6	0
1994	6	0
1995	6	0
1996	6	0
1997	6	0
1998	6	0
1999	6	0
2000	6	0
2001	6	0
2002	6	0
2003	6	0
2004	6	0
2005	6	0
2006	6	0
2007	6	0
2008	6	0
2009	6	0
2010	6	0
2011	6	0
2012	6	0
2013	6	0
2014	6	0
2015	6	0
2016	6	0
2017	6	0
2018	6	0
2019	6	0
2020	6	0
2021	6	0
2022	6	0
2023	6	0
2024	6	0
2025	6	0
2026	6	0
2027	6	0
2028	6	0
2029	6	0
2030	6	0
2031	6	0
2032	6	0
2033	6	0
2034	6	0
2035	6	0
2036	6	0
2037	6	0
2038	6	0
2039	6	0
2040	6	0
2041	6	0
2042	6	0
2043	6	0
2044	6	0
2045	6	0
2046	6	0
2047	6	0
2048	6	0
2049	6	0
2050	6	0
2051	6	0
2052	6	0
2053	6	0
2054	6	0
2055	6	0
2056	6	0
2057	6	0
2058	6	0
2059	6	0
2060	6	0
2061	6	0
2062	6	0
2063	6	0
2064	6	0
2065	6	0
2066	6	0
2067	6	0
2068	6	0
2069	6	0
2070	6	0
2071	6	0
2072	6	0
2073	7	0
2074	7	0
2075	7	0
2076	7	0
2077	7	0
2078	7	0
2079	7	0
2080	7	0
2081	7	0
2082	7	0
2083	7	0
2084	7	0
2085	7	0
2086	7	0
2087	7	0
2088	7	0
2089	7	0
2090	7	0
2091	7	0
2092	7	0
2093	7	0
2094	7	0
2095	7	0
2096	7	0
2097	7	0
2098	7	0
2099	7	0
2100	7	0
2101	7	0
2102	7	0
2103	7	0
2104	7	0
2105	7	0
2106	7	0
2107	7	0
2108	7	0
2109	7	0
2110	7	0
2111	7	0
2112	7	0
2113	7	0
2114	7	0
2115	7	0
2116	7	0
2117	7	0
2118	7	0
2119	7	0
2120	7	0
2121	7	0
2122	7	0
2123	7	0
2124	7	0
2125	7	0
2126	7	0
2127	7	0
2128	7	0
2129	7	0
2130	7	0
2131	7	0
2132	7	0
2133	7	0
2134	7	0
2135	7	0
2136	7	0
2137	7	0
2138	7	0
2139	7	0
2140	7	0
2141	7	0
2142	7	0
2143	7	0
2144	7	0
2145	7	0
2146	7	0
2147	7	0
2148	7	0
2149	7	0
2150	7	0
2151	7	0
2152	7	0
2153	7	0
2154	7	0
2155	7	0
2156	7	0
2157	7	0
2158	7	0
2159	7	0
2160	7	0
2161	7	0
2162	7	0
2163	7	0
2164	7	0
2165	7	0
2166	7	0
2167	7	0
2168	7	0
2169	7	0
2170	7	0
2171	7	0
2172	7	0
2173	7	0
2174	7	0
2175	7	0
2176	7	0
2177	7	0
2178	7	0
2179	7	0
2180	7	0
2181	7	0
2182	7	0
2183	7	0
2184	7	0
2185	7	0
2186	7	0
2187	7	0
2188	7	0
2189	7	0
2190	7	0
2191	7	0
2192	7	0
2193	7	0
2194	7	0
2195	7	0
2196	7	0
2197	7	0
2198	7	0
2199	7	0
2200	7	0
2201	7	0
2202	7	0
2203	7	0
2204	7	0
2205	7	0
2206	7	0
2207	7	0
2208	7	0
2209	7	0
2210	7	0
2211	7	0
2212	7	0
2213	7	0
2214	7	0
2215	7	0
2216	7	0
2217	7	0
2218	7	0
2219	7	0
2220	7	0
2221	7	0
2222	7	0
2223	7	0
2224	7	0
2225	7	0
2226	7	0
2227	7	0
2228	7	0
2229	7	0
2230	7	0
2231	7	0
2232	7	0
2233	7	0
2234	7	0
2235	7	0
2236	7	0
2237	7	0
2238	7	0
2239	7	0
2240	7	0
2241	7	0
2242	7	0
2243	7	0
2244	7	0
2245	7	0
2246	7	0
2247	7	0
2248	7	0
2249	7	0
2250	7	0
2251	7	0
2252	7	0
2253	7	0
2254	7	0
2255	7	0
2256	7	0
2257	7	0
2258	7	0
2259	7	0
2260	7	0
2261	7	0
2262	7	0
2263	7	0
2264	7	0
2265	7	0
2266	7	0
2267	7	0
2268	7	0
2269	7	0
2270	7	0
2271	7	0
2272	7	0
2273	7	0
2274	7	0
2275	7	0
2276	7	0
2277	7	0
2278	7	0
2279	7	0
2280	7	0
2281	7	0
2282	7	0
2283	7	0
2284	7	0
2285	7	0
2286	7	0
2287	7	0
2288	7	0
2289	7	0
2290	7	0
2291	7	0
2292	7	0
2293	7	0
2294	7	0
2295	7	0
2296	7	0
2297	7	0
2298	7	0
2299	7	0
2300	7	0
2301	7	0
2302	7	0
2303	7	0
2304	7	0
2305	7	0
2306	7	0
2307	7	0
2308	7	0
2309	7	0
2310	7	0
2311	7	0
2312	7	0
2313	7	0
2314	7	0
2315	7	0
2316	7	0
2317	7	0
2318	7	0
2319	7	0
2320	7	0
2321	7	0
2322	7	0
2323	7	0
2324	7	0
2325	7	0
2326	7	0
2327	7	0
2328	7	0
2329	7	0
2330	7	0
2331	7	0
2332	7	0
2333	7	0
2334	7	0
2335	7	0
2336	7	0
2337	7	0
2338	7	0
2339	7	0
2340	7	0
2341	7	0
2342	7	0
2343	7	0
2344	7	0
2345	7	0
2346	7	0
2347	7	0
2348	7	0
2349	7	0
2350	7	0
2351	7	0
2352	7	0
2353	7	0
2354	7	0
2355	7	0
2356	7	0
2357	7	0
2358	7	0
2359	7	0
2360	7	0
2361	7	0
2362	7	0
2363	7	0
2364	7	0
2365	7	0
2366	7	0
2367	8	0
2368	8	0
2369	8	0
2370	8	0
2371	8	0
2372	8	0
2373	8	0
2374	8	0
2375	8	0
2376	8	0
2377	8	0
2378	8	0
2379	9	0
2380	9	0
2381	9	0
2382	9	0
2383	9	0
2384	9	0
2385	9	0
2386	9	0
2387	9	0
2388	9	0
2389	9	0
2390	9	0
2391	9	0
2392	9	0
2393	9	0
2394	9	0
2395	9	0
2396	9	0
2397	9	0
2398	9	0
2399	9	0
2400	9	0
2401	9	0
2402	9	0
2403	9	0
2404	9	0
2405	9	0
2406	9	0
2407	9	0
2408	9	0
2409	9	0
2410	9	0
2411	9	0
2412	9	0
2413	9	0
2414	9	0
2415	9	0
2416	9	0
2417	9	0
2418	9	0
2419	9	0
2420	9	0
2421	9	0
2422	9	0
2423	9	0
2424	9	0
2425	9	0
2426	9	0
2427	9	0
2428	9	0
2429	9	0
2430	9	0
2431	9	0
2432	9	0
2433	9	0
2434	9	0
2435	9	0
2436	9	0
2437	9	0
2438	9	0
2439	9	0
2440	9	0
2441	9	0
2442	9	0
2443	9	0
2444	9	0
2445	9	0
2446	9	0
2447	9	0
2448	9	0
2449	9	0
2450	9	0
2451	9	0
2452	9	0
2453	9	0
2454	9	0
2455	9	0
2456	9	0
2457	9	0
2458	9	0
2459	9	0
2460	9	0
2461	9	0
2462	9	0
2463	9	0
2464	9	0
2465	9	0
2466	9	0
2467	9	0
2468	9	0
2469	9	0
2470	9	0
2471	9	0
2472	9	0
2473	9	0
2474	9	0
2475	9	0
2476	9	0
2477	9	0
2478	9	0
2479	9	0
2480	9	0
2481	9	0
2482	9	0
2483	9	0
2484	9	0
2485	9	0
2486	9	0
2487	9	0
2488	9	0
2489	9	0
2490	9	0
2491	9	0
2492	9	0
2493	9	0
2494	9	0
2495	9	0
2496	9	0
2497	9	0
2498	9	0
2499	9	0
2500	9	0
2501	9	0
2502	9	0
2503	9	0
2504	9	0
2505	9	0
2506	9	0
2507	9	0
2508	9	0
2509	9	0
2510	9	0
2511	9	0
2512	9	0
2513	9	0
2514	9	0
2515	9	0
2516	9	0
2517	9	0
2518	9	0
2519	9	0
2520	9	0
2521	9	0
2522	9	0
2523	10	0
2524	10	0
2525	10	0
2526	10	0
2527	10	0
2528	10	0
2529	10	0
2530	10	0
2531	10	0
2532	10	0
2533	10	0
2534	10	0
2535	10	0
2536	10	0
2537	10	0
2538	10	0
2539	10	0
2540	10	0
2541	10	0
2542	10	0
2543	10	0
2544	10	0
2545	10	0
2546	10	0
2547	10	0
2548	10	0
2549	10	0
2550	10	0
2551	10	0
2552	10	0
2553	10	0
2554	10	0
2555	10	0
2556	10	0
2557	10	0
2558	10	0
2559	10	0
2560	10	0
2561	10	0
2562	10	0
2563	10	0
2564	10	0
2565	10	0
2566	10	0
2567	10	0
2568	10	0
2569	10	0
2570	10	0
2571	10	0
2572	10	0
2573	10	0
2574	10	0
2575	10	0
2576	10	0
2577	10	0
2578	10	0
2579	10	0
2580	10	0
2581	10	0
2582	10	0
2583	10	0
2584	10	0
2585	10	0
2586	10	0
2587	10	0
2588	10	0
2589	10	0
2590	10	0
2591	10	0
2592	10	0
2593	10	0
2594	10	0
2595	10	0
2596	10	0
2597	10	0
2598	10	0
2599	10	0
2600	10	0
2601	10	0
2602	10	0
2603	10	0
2604	10	0
2605	10	0
2606	10	0
2607	10	0
2608	10	0
2609	10	0
2610	10	0
2611	10	0
2612	10	0
2613	10	0
2614	10	0
2615	10	0
2616	10	0
2617	10	0
2618	10	0
2619	10	0
2620	10	0
2621	10	0
2622	10	0
2623	10	0
2624	10	0
2625	10	0
2626	10	0
2627	10	0
2628	10	0
2629	10	0
2630	10	0
2631	10	0
2632	10	0
2633	10	0
2634	10	0
2635	10	0
2636	10	0
2637	10	0
2638	10	0
2639	10	0
2640	10	0
2641	10	0
2642	10	0
2643	10	0
2644	10	0
2645	10	0
2646	10	0
2647	10	0
2648	10	0
2649	10	0
2650	10	0
2651	10	0
2652	10	0
2653	10	0
2654	10	0
2655	11	0
2656	11	0
2657	11	0
2658	11	0
2659	11	0
2660	11	0
2661	11	0
2662	11	0
2663	11	0
2664	11	0
2665	11	0
2666	11	0
2667	11	0
2668	11	0
2669	11	0
2670	11	0
2671	11	0
2672	11	0
2673	11	0
2674	11	0
2675	11	0
2676	11	0
2677	11	0
2678	11	0
2679	11	0
2680	11	0
2681	11	0
2682	11	0
2683	11	0
2684	11	0
2685	11	0
2686	11	0
2687	11	0
2688	11	0
2689	11	0
2690	11	0
2691	11	0
2692	11	0
2693	12	0
2694	12	0
2695	12	0
2696	12	0
2697	12	0
2698	12	0
2699	12	0
2700	12	0
2701	12	0
2702	12	0
2703	12	0
2704	12	0
2705	12	0
2706	12	0
2707	12	0
2708	12	0
2709	12	0
2710	12	0
2711	12	0
2712	12	0
2713	12	0
2714	12	0
2715	12	0
2716	12	0
2717	12	0
2718	12	0
2719	12	0
2720	12	0
2721	12	0
2722	12	0
2723	12	0
2724	12	0
2725	12	0
2726	12	0
2727	12	0
2728	12	0
2729	12	0
2730	12	0
2731	12	0
2732	12	0
2733	12	0
2734	12	0
2735	12	0
2736	12	0
2737	12	0
2738	12	0
2739	12	0
2740	12	0
2741	12	0
2742	12	0
2743	12	0
2744	12	0
2745	12	0
2746	12	0
2747	12	0
2748	12	0
2749	12	0
2750	12	0
2751	12	0
2752	12	0
2753	12	0
2754	12	0
2755	12	0
2756	12	0
2757	12	0
2758	12	0
2759	12	0
2760	12	0
2761	12	0
2762	12	0
2763	12	0
2764	12	0
2765	12	0
2766	12	0
2767	12	0
2768	12	0
2769	12	0
2770	12	0
2771	12	0
2772	12	0
2773	12	0
2774	12	0
2775	12	0
2776	12	0
2777	12	0
2778	12	0
2779	12	0
2780	12	0
2781	12	0
2782	12	0
2783	12	0
2784	12	0
2785	12	0
2786	12	0
2787	12	0
2788	13	0
2789	13	0
2790	13	0
2791	13	0
2792	13	0
2793	13	0
2794	13	0
2795	13	0
2796	13	0
2797	13	0
2798	13	0
2799	13	0
2800	13	0
2801	13	0
2802	13	0
2803	13	0
2804	13	0
2805	13	0
2806	13	0
2807	13	0
2808	13	0
2809	13	0
2810	13	0
2811	13	0
2812	13	0
2813	13	0
2814	13	0
2815	13	0
2816	13	0
2817	13	0
2818	13	0
2819	13	0
2820	13	0
2821	13	0
2822	13	0
2823	13	0
2824	13	0
2825	13	0
2826	13	0
2827	13	0
2828	13	0
2829	13	0
2830	13	0
2831	13	0
2832	13	0
2833	13	0
2834	13	0
2835	13	0
2836	13	0
2837	13	0
2838	13	0
2839	13	0
2840	13	0
2841	13	0
2842	13	0
2843	13	0
2844	13	0
2845	13	0
2846	13	0
2847	13	0
2848	13	0
2849	13	0
2850	13	0
2851	13	0
2852	13	0
2853	13	0
2854	13	0
2855	13	0
2856	13	0
2857	13	0
2858	13	0
2859	13	0
2860	13	0
2861	13	0
2862	13	0
2863	13	0
2864	13	0
2865	13	0
2866	13	0
2867	13	0
2868	13	0
2869	13	0
2870	13	0
2871	13	0
2872	13	0
2873	13	0
2874	13	0
2875	13	0
2876	13	0
2877	13	0
2878	13	0
2879	13	0
2880	14	0
2881	14	0
2882	14	0
2883	14	0
2884	14	0
2885	14	0
2886	14	0
2887	14	0
2888	14	0
2889	14	0
2890	14	0
2891	14	0
2892	14	0
2893	14	0
2894	14	0
2895	14	0
2896	14	0
2897	14	0
2898	14	0
2899	14	0
2900	14	0
2901	14	0
2902	14	0
2903	14	0
2904	14	0
2905	14	0
2906	14	0
2907	14	0
2908	14	0
2909	14	0
2910	14	0
2911	14	0
2912	14	0
2913	14	0
2914	14	0
2915	14	0
2916	14	0
2917	14	0
2918	14	0
2919	14	0
2920	14	0
2921	14	0
2922	14	0
2923	14	0
2924	14	0
2925	14	0
2926	14	0
2927	14	0
2928	14	0
2929	14	0
2930	14	0
2931	14	0
2932	14	0
2933	14	0
2934	14	0
2935	14	0
2936	14	0
2937	14	0
2938	14	0
2939	14	0
2940	14	0
2941	14	0
2942	14	0
2943	14	0
2944	14	0
2945	14	0
2946	14	0
2947	14	0
2948	14	0
2949	14	0
2950	14	0
2951	14	0
2952	14	0
2953	14	0
2954	14	0
2955	14	0
2956	14	0
2957	14	0
2958	14	0
2959	14	0
2960	14	0
2961	14	0
2962	14	0
2963	14	0
2964	14	0
2965	14	0
2966	14	0
2967	14	0
2968	14	0
2969	14	0
2970	14	0
2971	14	0
2972	14	0
2973	14	0
2974	14	0
2975	14	0
2976	14	0
2977	14	0
2978	14	0
2979	14	0
2980	14	0
2981	14	0
2982	14	0
2983	14	0
2984	14	0
2985	14	0
2986	14	0
2987	14	0
2988	14	0
2989	14	0
2990	14	0
2991	14	0
2992	14	0
2993	14	0
2994	14	0
2995	14	0
2996	14	0
2997	14	0
2998	14	0
2999	14	0
3000	14	0
3001	14	0
3002	14	0
3003	14	0
3004	14	0
3005	14	0
3006	14	0
3007	14	0
3008	14	0
3009	14	0
3010	14	0
3011	14	0
3012	14	0
3013	14	0
3014	14	0
3015	14	0
3016	14	0
3017	14	0
3018	14	0
3019	14	0
3020	14	0
3021	14	0
3022	14	0
3023	14	0
3024	14	0
3025	14	0
3026	14	0
3027	14	0
3028	14	0
3029	14	0
3030	14	0
3031	14	0
3032	14	0
3033	14	0
3034	14	0
3035	14	0
3036	14	0
3037	14	0
3038	14	0
3039	14	0
3040	14	0
3041	14	0
3042	14	0
3043	14	0
3044	14	0
3045	14	0
3046	14	0
3047	14	0
3048	14	0
3049	14	0
3050	14	0
3051	14	0
3052	14	0
3053	14	0
3054	14	0
3055	14	0
3056	14	0
3057	14	0
3058	14	0
3059	14	0
3060	14	0
3061	14	0
3062	14	0
3063	14	0
3064	14	0
3065	14	0
3066	14	0
3067	14	0
3068	14	0
3069	14	0
3070	14	0
3071	14	0
3072	14	0
3073	14	0
3074	14	0
3075	14	0
3076	14	0
3077	14	0
3078	14	0
3079	14	0
3080	14	0
3081	14	0
3082	14	0
3083	14	0
3084	14	0
3085	14	0
3086	14	0
3087	14	0
3088	14	0
3089	14	0
3090	14	0
3091	14	0
3092	14	0
3093	14	0
3094	14	0
3095	14	0
3096	14	0
3097	14	0
3098	14	0
3099	14	0
3100	14	0
3101	14	0
3102	14	0
3103	14	0
3104	14	0
3105	14	0
3106	14	0
3107	14	0
3108	14	0
3109	14	0
3110	14	0
3111	14	0
3112	14	0
3113	14	0
3114	14	0
3115	14	0
3116	14	0
3117	14	0
3118	14	0
3119	14	0
3120	14	0
3121	14	0
3122	14	0
3123	14	0
3124	14	0
3125	14	0
3126	14	0
3127	14	0
3128	14	0
3129	14	0
3130	14	0
3131	14	0
3132	14	0
3133	14	0
3134	14	0
3135	14	0
3136	14	0
3137	14	0
3138	14	0
3139	14	0
3140	14	0
3141	14	0
3142	14	0
3143	14	0
3144	14	0
3145	14	0
3146	14	0
3147	14	0
3148	14	0
3149	14	0
3150	14	0
3151	14	0
3152	14	0
3153	14	0
3154	14	0
3155	14	0
3156	14	0
3157	14	0
3158	14	0
3159	14	0
3160	14	0
3161	14	0
3162	14	0
3163	14	0
3164	14	0
3165	14	0
3166	14	0
3167	14	0
3168	14	0
3169	14	0
3170	14	0
3171	14	0
3172	14	0
3173	14	0
3174	14	0
3175	14	0
3176	14	0
3177	14	0
3178	14	0
3179	14	0
3180	14	0
3181	14	0
3182	14	0
3183	14	0
3184	14	0
3185	14	0
3186	14	0
3187	14	0
3188	14	0
3189	14	0
3190	14	0
3191	14	0
3192	14	0
3193	14	0
3194	14	0
3195	14	0
3196	14	0
3197	14	0
3198	14	0
3199	14	0
3200	14	0
3201	14	0
3202	14	0
3203	14	0
3204	14	0
3205	14	0
3206	14	0
3207	14	0
3208	14	0
3209	14	0
3210	14	0
3211	14	0
3212	14	0
3213	14	0
3214	14	0
3215	14	0
3216	14	0
3217	14	0
3218	14	0
3219	14	0
3220	14	0
3221	14	0
3222	14	0
3223	14	0
3224	14	0
3225	14	0
3226	14	0
3227	14	0
3228	14	0
3229	14	0
3230	14	0
3231	14	0
3232	14	0
3233	14	0
3234	14	0
3235	14	0
3236	14	0
3237	14	0
3238	14	0
3239	14	0
3240	14	0
3241	14	0
3242	14	0
3243	14	0
3244	14	0
3245	14	0
3246	14	0
3247	14	0
3248	14	0
3249	14	0
3250	14	0
3251	14	0
3252	14	0
3253	14	0
3254	14	0
3255	14	0
3256	14	0
3257	14	0
3258	14	0
3259	14	0
3260	14	0
3261	14	0
3262	14	0
3263	14	0
3264	14	0
3265	14	0
3266	14	0
3267	14	0
3268	14	0
3269	14	0
3270	14	0
3271	14	0
3272	14	0
3273	14	0
3274	14	0
3275	14	0
3276	14	0
3277	14	0
3278	14	0
3279	14	0
3280	14	0
3281	14	0
3282	14	0
3283	14	0
3284	14	0
3285	14	0
3286	14	0
3287	14	0
3288	14	0
3289	14	0
3290	14	0
3291	14	0
3292	14	0
3293	14	0
3294	14	0
3295	14	0
3296	14	0
3297	14	0
3298	14	0
3299	14	0
3300	14	0
3301	14	0
3302	14	0
3303	14	0
3304	14	0
3305	14	0
3306	14	0
3307	14	0
3308	14	0
3309	14	0
3310	14	0
3311	14	0
3312	14	0
3313	14	0
3314	14	0
3315	14	0
3316	15	0
3317	15	0
3318	15	0
3319	15	0
3320	15	0
3321	15	0
3322	15	0
3323	15	0
3324	15	0
3325	15	0
3326	15	0
3327	15	0
3328	15	0
3329	15	0
3330	15	0
3331	15	0
3332	15	0
3333	15	0
3334	15	0
3335	15	0
3336	15	0
3337	15	0
3338	15	0
3339	15	0
3340	15	0
3341	15	0
3342	15	0
3343	15	0
3344	15	0
3345	15	0
3346	15	0
3347	15	0
3348	15	0
3349	15	0
3350	15	0
3351	15	0
3352	15	0
3353	15	0
3354	15	0
3355	15	0
3356	15	0
3357	15	0
3358	15	0
3359	15	0
3360	15	0
3361	15	0
3362	15	0
3363	15	0
3364	15	0
3365	15	0
3366	15	0
3367	15	0
3368	15	0
3369	15	0
3370	15	0
3371	15	0
3372	15	0
3373	15	0
3374	15	0
3375	15	0
3376	15	0
3377	15	0
3378	15	0
3379	15	0
3380	15	0
3381	15	0
3382	15	0
3383	15	0
3384	15	0
3385	15	0
3386	15	0
3387	15	0
3388	15	0
3389	15	0
3390	15	0
3391	15	0
3392	15	0
3393	15	0
3394	15	0
3395	15	0
3396	15	0
3397	15	0
3398	15	0
3399	15	0
3400	15	0
3401	15	0
3402	15	0
3403	15	0
3404	15	0
3405	15	0
3406	15	0
3407	15	0
3408	15	0
3409	15	0
3410	15	0
3411	15	0
3412	15	0
3413	15	0
3414	15	0
3415	15	0
3416	15	0
3417	15	0
3418	15	0
3419	15	0
3420	15	0
3421	15	0
3422	15	0
3423	15	0
3424	15	0
3425	15	0
3426	15	0
3427	15	0
3428	15	0
3429	15	0
3430	15	0
3431	15	0
3432	15	0
3433	15	0
3434	15	0
3435	15	0
3436	15	0
3437	15	0
3438	15	0
3439	15	0
3440	15	0
3441	15	0
3442	15	0
3443	15	0
3444	15	0
3445	15	0
3446	15	0
3447	15	0
3448	15	0
3449	15	0
3450	15	0
3451	15	0
3452	15	0
3453	15	0
3454	15	0
3455	15	0
3456	15	0
3457	15	0
3458	15	0
3459	15	0
3460	15	0
3461	15	0
3462	15	0
3463	15	0
3464	15	0
3465	15	0
3466	15	0
3467	15	0
3468	15	0
3469	15	0
3470	15	0
3471	15	0
3472	15	0
3473	16	0
3474	16	0
3475	16	0
3476	16	0
3477	16	0
3478	16	0
3479	16	0
3480	16	0
3481	16	0
3482	16	0
3483	16	0
3484	16	0
3485	16	0
3486	16	0
3487	16	0
3488	16	0
3489	16	0
3490	16	0
3491	16	0
3492	16	0
3493	16	0
3494	16	0
3495	16	0
3496	16	0
3497	16	0
3498	16	0
3499	16	0
3500	16	0
3501	16	0
3502	16	0
3503	16	0
3504	16	0
3505	16	0
3506	16	0
3507	16	0
3508	16	0
3509	16	0
3510	16	0
3511	16	0
3512	16	0
3513	16	0
3514	16	0
3515	16	0
3516	16	0
3517	16	0
3518	16	0
3519	16	0
3520	16	0
3521	16	0
3522	16	0
3523	16	0
3524	16	0
3525	16	0
3526	16	0
3527	16	0
3528	16	0
3529	16	0
3530	16	0
3531	16	0
3532	16	0
3533	16	0
3534	16	0
3535	16	0
3536	16	0
3537	16	0
3538	16	0
3539	16	0
3540	16	0
3541	16	0
3542	16	0
3543	16	0
3544	16	0
3545	16	0
3546	16	0
3547	16	0
3548	16	0
3549	16	0
3550	16	0
3551	16	0
3552	16	0
3553	16	0
3554	16	0
3555	16	0
3556	16	0
3557	16	0
3558	16	0
3559	16	0
3560	16	0
3561	16	0
3562	16	0
3563	16	0
3564	16	0
3565	16	0
3566	16	0
3567	16	0
3568	16	0
3569	16	0
3570	16	0
3571	16	0
3572	16	0
3573	16	0
3574	16	0
3575	16	0
3576	16	0
3577	16	0
3578	16	0
3579	16	0
3580	16	0
3581	16	0
3582	16	0
3583	16	0
3584	16	0
3585	16	0
3586	16	0
3587	16	0
3588	16	0
3589	16	0
3590	16	0
3591	16	0
3592	16	0
3593	16	0
3594	16	0
3595	16	0
3596	16	0
3597	16	0
3598	16	0
3599	17	0
3600	17	0
3601	17	0
3602	17	0
3603	17	0
3604	17	0
3605	17	0
3606	17	0
3607	17	0
3608	17	0
3609	17	0
3610	17	0
3611	17	0
3612	17	0
3613	17	0
3614	17	0
3615	17	0
3616	17	0
3617	17	0
3618	17	0
3619	17	0
3620	17	0
3621	17	0
3622	17	0
3623	17	0
3624	17	0
3625	17	0
3626	17	0
3627	17	0
3628	17	0
3629	17	0
3630	17	0
3631	17	0
3632	17	0
3633	17	0
3634	17	0
3635	17	0
3636	17	0
3637	17	0
3638	17	0
3639	17	0
3640	17	0
3641	17	0
3642	17	0
3643	17	0
3644	17	0
3645	17	0
3646	17	0
3647	17	0
3648	17	0
3649	17	0
3650	17	0
3651	17	0
3652	17	0
3653	17	0
3654	17	0
3655	17	0
3656	17	0
3657	17	0
3658	17	0
3659	17	0
3660	17	0
3661	17	0
3662	17	0
3663	17	0
3664	17	0
3665	17	0
3666	17	0
3667	17	0
3668	17	0
3669	17	0
3670	17	0
3671	17	0
3672	17	0
3673	17	0
3674	17	0
3675	17	0
3676	17	0
3677	17	0
3678	17	0
3679	17	0
3680	17	0
3681	17	0
3682	17	0
3683	17	0
3684	17	0
3685	17	0
3686	17	0
3687	17	0
3688	17	0
3689	17	0
3690	17	0
3691	17	0
3692	17	0
3693	17	0
3694	17	0
3695	17	0
3696	17	0
3697	17	0
3698	17	0
3699	17	0
3700	17	0
3701	17	0
3702	17	0
3703	17	0
3704	17	0
3705	17	0
3706	17	0
3707	17	0
3708	17	0
3709	17	0
3710	17	0
3711	17	0
3712	17	0
3713	17	0
3714	17	0
3715	17	0
3716	17	0
3717	17	0
3718	17	0
3719	17	0
3720	17	0
3721	17	0
3722	17	0
3723	17	0
3724	17	0
3725	17	0
3726	18	0
3727	18	0
3728	18	0
3729	18	0
3730	18	0
3731	18	0
3732	18	0
3733	18	0
3734	18	0
3735	18	0
3736	18	0
3737	18	0
3738	18	0
3739	18	0
3740	18	0
3741	18	0
3742	18	0
3743	18	0
3744	18	0
3745	18	0
3746	18	0
3747	18	0
3748	18	0
3749	18	0
3750	18	0
3751	18	0
3752	18	0
3753	18	0
3754	18	0
3755	18	0
3756	18	0
3757	18	0
3758	18	0
3759	18	0
3760	18	0
3761	18	0
3762	18	0
3763	18	0
3764	18	0
3765	18	0
3766	18	0
3767	18	0
3768	18	0
3769	18	0
3770	18	0
3771	18	0
3772	18	0
3773	18	0
3774	18	0
3775	18	0
3776	18	0
3777	18	0
3778	18	0
3779	18	0
3780	18	0
3781	18	0
3782	18	0
3783	18	0
3784	18	0
3785	18	0
3786	18	0
3787	18	0
3788	18	0
3789	18	0
3790	18	0
3791	18	0
3792	18	0
3793	18	0
3794	18	0
3795	18	0
3796	18	0
3797	18	0
3798	18	0
3799	18	0
3800	18	0
3801	18	0
3802	18	0
3803	18	0
3804	18	0
3805	18	0
3806	18	0
3807	19	0
3808	19	0
3809	19	0
3810	19	0
3811	19	0
3812	19	0
3813	19	0
3814	19	0
3815	19	0
3816	19	0
3817	19	0
3818	19	0
3819	19	0
3820	19	0
3821	19	0
3822	19	0
3823	19	0
3824	19	0
3825	19	0
3826	19	0
3827	19	0
3828	19	0
3829	19	0
3830	19	0
3831	19	0
3832	19	0
3833	19	0
3834	19	0
3835	19	0
3836	19	0
3837	19	0
3838	19	0
3839	19	0
3840	19	0
3841	19	0
3842	19	0
3843	19	0
3844	19	0
3845	19	0
3846	19	0
3847	19	0
3848	19	0
3849	19	0
3850	19	0
3851	19	0
3852	19	0
3853	19	0
3854	19	0
3855	19	0
3856	19	0
3857	19	0
3858	19	0
3859	19	0
3860	19	0
3861	19	0
3862	19	0
3863	19	0
3864	19	0
3865	19	0
3866	19	0
3867	19	0
3868	19	0
3869	19	0
3870	19	0
3871	19	0
3872	19	0
3873	19	0
3874	19	0
3875	19	0
3876	19	0
3877	19	0
3878	19	0
3879	19	0
3880	19	0
3881	19	0
3882	19	0
3883	19	0
3884	19	0
3885	19	0
3886	19	0
3887	19	0
3888	19	0
3889	19	0
3890	19	0
3891	19	0
3892	19	0
3893	19	0
3894	19	0
3895	19	0
3896	19	0
3897	19	0
3898	19	0
3899	19	0
3900	19	0
3901	19	0
3902	19	0
3903	19	0
3904	19	0
3905	19	0
3906	19	0
3907	19	0
3908	19	0
3909	19	0
3910	19	0
3911	19	0
3912	19	0
3913	19	0
3914	19	0
3915	19	0
3916	19	0
3917	19	0
3918	19	0
3919	19	0
3920	19	0
3921	19	0
3922	19	0
3923	19	0
3924	19	0
3925	19	0
3926	19	0
3927	19	0
3928	19	0
3929	19	0
3930	19	0
3931	19	0
3932	20	0
3933	20	0
3934	20	0
3935	20	0
3936	20	0
3937	20	0
3938	20	0
3939	20	0
3940	20	0
3941	20	0
3942	20	0
3943	20	0
3944	20	0
3945	20	0
3946	20	0
3947	20	0
3948	20	0
3949	20	0
3950	20	0
3951	20	0
3952	20	0
3953	20	0
3954	20	0
3955	20	0
3956	20	0
3957	20	0
3958	20	0
3959	20	0
3960	20	0
3961	20	0
3962	20	0
3963	20	0
3964	20	0
3965	20	0
3966	20	0
3967	20	0
3968	20	0
3969	20	0
3970	20	0
3971	20	0
3972	20	0
3973	20	0
3974	20	0
3975	20	0
3976	20	0
3977	20	0
3978	20	0
3979	20	0
3980	20	0
3981	20	0
3982	20	0
3983	20	0
3984	20	0
3985	20	0
3986	20	0
3987	20	0
3988	20	0
3989	20	0
3990	20	0
3991	20	0
3992	20	0
3993	20	0
3994	20	0
3995	20	0
3996	20	0
3997	20	0
3998	20	0
3999	20	0
4000	20	0
4001	20	0
4002	20	0
4003	20	0
4004	20	0
4005	20	0
4006	20	0
4007	20	0
4008	21	0
4009	21	0
4010	21	0
4011	21	0
4012	21	0
4013	21	0
4014	21	0
4015	21	0
4016	21	0
4017	21	0
4018	21	0
4019	21	0
4020	21	0
4021	21	0
4022	21	0
4023	21	0
4024	21	0
4025	21	0
4026	21	0
4027	21	0
4028	21	0
4029	21	0
4030	21	0
4031	21	0
4032	21	0
4033	21	0
4034	21	0
4035	21	0
4036	21	0
4037	21	0
4038	21	0
4039	21	0
4040	21	0
4041	21	0
4042	21	0
4043	21	0
4044	21	0
4045	21	0
4046	21	0
4047	21	0
4048	21	0
4049	21	0
4050	21	0
4051	21	0
4052	21	0
4053	21	0
4054	21	0
4055	21	0
4056	21	0
4057	21	0
4058	21	0
4059	21	0
4060	21	0
4061	21	0
4062	21	0
4063	21	0
4064	21	0
4065	21	0
4066	21	0
4067	21	0
4068	21	0
4069	21	0
4070	21	0
4071	21	0
4072	21	0
4073	21	0
4074	21	0
4075	21	0
4076	21	0
4077	21	0
4078	21	0
4079	21	0
4080	21	0
4081	21	0
4082	21	0
4083	21	0
4084	21	0
4085	21	0
4086	21	0
4087	21	0
4088	21	0
4089	21	0
4090	21	0
4091	21	0
4092	21	0
4093	21	0
4094	21	0
4095	21	0
4096	21	0
4097	21	0
4098	21	0
4099	21	0
4100	21	0
4101	21	0
4102	21	0
4103	21	0
4104	21	0
4105	21	0
4106	21	0
4107	21	0
4108	21	0
4109	21	0
4110	21	0
4111	21	0
4112	21	0
4113	21	0
4114	21	0
4115	21	0
4116	21	0
4117	21	0
4118	21	0
4119	21	0
4120	21	0
4121	21	0
4122	21	0
4123	21	0
4124	21	0
4125	21	0
4126	21	0
4127	21	0
4128	21	0
4129	21	0
4130	21	0
4131	21	0
4132	21	0
4133	21	0
4134	21	0
4135	21	0
4136	21	0
4137	21	0
4138	21	0
4139	21	0
4140	21	0
4141	21	0
4142	21	0
4143	21	0
4144	21	0
4145	21	0
4146	21	0
4147	21	0
4148	21	0
4149	21	0
4150	21	0
4151	21	0
4152	21	0
4153	21	0
4154	21	0
4155	21	0
4156	21	0
4157	21	0
4158	21	0
4159	21	0
4160	21	0
4161	21	0
4162	21	0
4163	21	0
4164	21	0
4165	21	0
4166	21	0
4167	21	0
4168	21	0
4169	21	0
4170	21	0
4171	21	0
4172	21	0
4173	21	0
4174	21	0
4175	21	0
4176	21	0
4177	21	0
4178	21	0
4179	21	0
4180	21	0
4181	21	0
4182	21	0
4183	21	0
4184	21	0
4185	21	0
4186	21	0
4187	21	0
4188	21	0
4189	21	0
4190	21	0
4191	21	0
4192	21	0
4193	21	0
4194	21	0
4195	21	0
4196	21	0
4197	21	0
4198	21	0
4199	21	0
4200	21	0
4201	21	0
4202	21	0
4203	21	0
4204	21	0
4205	21	0
4206	21	0
4207	21	0
4208	21	0
4209	21	0
4210	21	0
4211	21	0
4212	21	0
4213	21	0
4214	21	0
4215	21	0
4216	21	0
4217	21	0
4218	21	0
4219	21	0
4220	21	0
4221	21	0
4222	21	0
4223	21	0
4224	21	0
4225	21	0
4226	21	0
4227	21	0
4228	21	0
4229	21	0
4230	21	0
4231	21	0
4232	21	0
4233	21	0
4234	21	0
4235	21	0
4236	21	0
4237	21	0
4238	21	0
4239	21	0
4240	21	0
4241	21	0
4242	21	0
4243	21	0
4244	21	0
4245	21	0
4246	21	0
4247	21	0
4248	21	0
4249	21	0
4250	21	0
4251	21	0
4252	21	0
4253	21	0
4254	21	0
4255	21	0
4256	21	0
4257	21	0
4258	21	0
4259	21	0
4260	21	0
4261	21	0
4262	21	0
4263	21	0
4264	21	0
4265	21	0
4266	21	0
4267	21	0
4268	21	0
4269	21	0
4270	21	0
4271	21	0
4272	21	0
4273	21	0
4274	21	0
4275	21	0
4276	21	0
4277	21	0
4278	21	0
4279	21	0
4280	21	0
4281	21	0
4282	21	0
4283	21	0
4284	21	0
4285	21	0
4286	21	0
4287	21	0
4288	21	0
4289	21	0
4290	21	0
4291	21	0
4292	21	0
4293	21	0
4294	21	0
4295	21	0
4296	21	0
4297	21	0
4298	21	0
4299	21	0
4300	21	0
4301	21	0
4302	21	0
4303	21	0
4304	21	0
4305	22	0
4306	22	0
4307	22	0
4308	22	0
4309	22	0
4310	22	0
4311	22	0
4312	22	0
4313	22	0
4314	22	0
4315	22	0
4316	22	0
4317	22	0
4318	22	0
4319	22	0
4320	22	0
4321	22	0
4322	22	0
4323	22	0
4324	22	0
4325	22	0
4326	22	0
4327	22	0
4328	22	0
4329	22	0
4330	22	0
4331	22	0
4332	22	0
4333	22	0
4334	22	0
4335	22	0
4336	22	0
4337	22	0
4338	22	0
4339	22	0
4340	22	0
4341	22	0
4342	22	0
4343	22	0
4344	22	0
4345	22	0
4346	22	0
4347	22	0
4348	22	0
4349	22	0
4350	22	0
4351	22	0
4352	22	0
4353	22	0
4354	22	0
4355	22	0
4356	22	0
4357	22	0
4358	22	0
4359	22	0
4360	22	0
4361	22	0
4362	22	0
4363	22	0
4364	22	0
4365	22	0
4366	22	0
4367	22	0
4368	22	0
4369	22	0
4370	22	0
4371	22	0
4372	22	0
4373	22	0
4374	22	0
4375	22	0
4376	22	0
4377	22	0
4378	22	0
4379	22	0
4380	22	0
4381	22	0
4382	22	0
4383	22	0
4384	22	0
4385	22	0
4386	22	0
4387	22	0
4388	22	0
4389	22	0
4390	22	0
4391	22	0
4392	22	0
4393	22	0
4394	22	0
4395	22	0
4396	22	0
4397	22	0
4398	22	0
4399	22	0
4400	22	0
4401	22	0
4402	22	0
4403	22	0
4404	22	0
4405	22	0
4406	22	0
4407	22	0
4408	22	0
4409	22	0
4410	22	0
4411	22	0
4412	22	0
4413	22	0
4414	22	0
4415	22	0
4416	22	0
4417	22	0
4418	22	0
4419	22	0
4420	22	0
4421	22	0
4422	22	0
4423	22	0
4424	22	0
4425	22	0
4426	22	0
4427	22	0
4428	22	0
4429	22	0
4430	22	0
4431	22	0
4432	22	0
4433	22	0
4434	22	0
4435	22	0
4436	22	0
4437	22	0
4438	22	0
4439	22	0
4440	22	0
4441	22	0
4442	22	0
4443	22	0
4444	22	0
4445	22	0
4446	22	0
4447	22	0
4448	22	0
4449	22	0
4450	22	0
4451	22	0
4452	22	0
4453	22	0
4454	22	0
4455	22	0
4456	22	0
4457	22	0
4458	22	0
4459	22	0
4460	22	0
4461	22	0
4462	22	0
4463	22	0
4464	22	0
4465	22	0
4466	22	0
4467	22	0
4468	22	0
4469	22	0
4470	22	0
4471	22	0
4472	22	0
4473	22	0
4474	22	0
4475	22	0
4476	22	0
4477	22	0
4478	22	0
4479	22	0
4480	22	0
4481	22	0
4482	22	0
4483	22	0
4484	22	0
4485	22	0
4486	22	0
4487	22	0
4488	22	0
4489	22	0
4490	22	0
4491	22	0
4492	22	0
4493	22	0
4494	22	0
4495	22	0
4496	22	0
4497	22	0
4498	22	0
4499	22	0
4500	22	0
4501	22	0
4502	22	0
4503	22	0
4504	22	0
4505	22	0
4506	22	0
4507	22	0
4508	22	0
4509	22	0
4510	22	0
4511	22	0
4512	22	0
4513	22	0
4514	22	0
4515	22	0
4516	22	0
4517	22	0
4518	22	0
4519	22	0
4520	22	0
4521	22	0
4522	22	0
4523	22	0
4524	22	0
4525	22	0
4526	22	1
4527	22	1
4528	22	1
4529	22	1
4530	22	1
4531	22	1
4532	22	1
4533	22	1
4534	22	1
4535	22	1
4536	22	1
4537	22	1
4538	22	1
4539	22	1
4540	22	1
4541	22	1
4542	22	1
4543	22	1
4544	22	1
4545	22	1
4546	22	1
4547	22	1
4548	22	1
4549	22	1
4550	22	1
4551	22	1
4552	22	1
4553	22	1
4554	22	1
4555	22	1
4556	22	1
4557	22	1
4558	22	1
4559	22	1
4560	22	1
4561	22	1
4562	22	1
4563	22	1
4564	22	1
4565	22	1
4566	22	1
4567	22	1
4568	22	1
4569	22	1
4570	22	1
4571	22	1
4572	22	1
4573	22	1
4574	22	1
4575	22	1
4576	22	1
4577	22	1
4578	22	1
4579	22	1
4580	22	1
4581	22	1
4582	22	1
4583	22	1
4584	22	1
4585	22	1
4586	22	1
4587	22	1
4588	22	1
4589	22	1
4590	22	1
4591	22	1
4592	22	1
4593	22	1
4594	22	1
4595	22	1
4596	22	1
4597	22	1
4598	22	1
4599	22	1
4600	22	1
4601	22	1
4602	22	1
4603	22	1
4604	22	1
4605	22	1
4606	22	1
4607	22	1
4608	22	1
4609	22	1
4610	22	1
4611	22	1
4612	22	1
4613	22	1
4614	22	1
4615	22	1
4616	22	1
4617	22	1
4618	22	1
4619	22	1
4620	22	1
4621	22	1
4622	22	1
4623	22	1
4624	22	1
4625	22	1
4626	22	1
4627	22	1
4628	22	1
4629	22	1
4630	22	1
4631	22	1
4632	22	1
4633	22	1
4634	22	1
4635	22	1
4636	23	1
4637	23	1
4638	23	1
4639	23	1
4640	23	1
4641	23	1
4642	23	1
4643	23	1
4644	23	1
4645	23	1
4646	23	1
4647	23	1
4648	23	1
4649	23	1
4650	23	1
4651	23	1
4652	23	1
4653	23	1
4654	23	1
4655	23	1
4656	23	1
4657	23	1
4658	23	1
4659	23	1
4660	23	1
4661	23	1
4662	23	1
4663	23	1
4664	23	1
4665	23	1
4666	23	1
4667	23	1
4668	23	1
4669	23	1
4670	23	1
4671	23	1
4672	23	1
4673	23	1
4674	23	1
4675	23	1
4676	23	1
4677	23	1
4678	23	1
4679	23	1
4680	23	1
4681	23	1
4682	23	1
4683	23	1
4684	23	1
4685	23	1
4686	23	1
4687	23	1
4688	23	1
4689	23	1
4690	23	1
4691	23	1
4692	23	1
4693	23	1
4694	23	1
4695	23	1
4696	23	1
4697	23	1
4698	23	1
4699	23	1
4700	23	1
4701	23	1
4702	23	1
4703	23	1
4704	23	1
4705	23	1
4706	23	1
4707	23	1
4708	23	1
4709	23	1
4710	23	1
4711	23	1
4712	23	1
4713	23	1
4714	23	1
4715	23	1
4716	23	1
4717	23	1
4718	23	1
4719	23	1
4720	23	1
4721	23	1
4722	23	1
4723	23	1
4724	23	1
4725	23	1
4726	23	1
4727	23	1
4728	23	1
4729	23	1
4730	23	1
4731	23	1
4732	23	1
4733	23	1
4734	23	1
4735	23	1
4736	23	1
4737	23	1
4738	23	1
4739	23	1
4740	23	1
4741	23	1
4742	23	1
4743	23	1
4744	23	1
4745	23	1
4746	23	1
4747	23	1
4748	23	1
4749	23	1
4750	23	1
4751	23	1
4752	23	1
4753	23	1
4754	23	1
4755	23	1
4756	23	1
4757	23	1
4758	23	1
4759	23	1
4760	23	1
4761	23	1
4762	23	1
4763	23	1
4764	23	1
4765	23	1
4766	23	1
4767	23	1
4768	23	1
4769	23	1
4770	23	1
4771	23	1
4772	23	1
4773	23	1
4774	23	1
4775	23	1
4776	23	1
4777	23	1
4778	23	1
4779	23	1
4780	23	1
4781	23	1
4782	23	1
4783	23	1
4784	23	1
4785	23	1
4786	23	1
4787	23	1
4788	23	1
4789	23	1
4790	23	1
4791	23	1
4792	23	1
4793	23	1
4794	23	1
4795	23	1
4796	23	1
4797	23	1
4798	23	1
4799	24	1
4800	24	1
4801	24	1
4802	24	1
4803	24	1
4804	24	1
4805	24	1
4806	24	1
4807	24	1
4808	24	1
4809	24	1
4810	24	1
4811	24	1
4812	24	1
4813	24	1
4814	24	1
4815	24	1
4816	24	1
4817	24	1
4818	24	1
4819	24	1
4820	24	1
4821	24	1
4822	24	1
4823	24	1
4824	24	1
4825	24	1
4826	24	1
4827	24	1
4828	24	1
4829	24	1
4830	24	1
4831	24	1
4832	24	1
4833	24	1
4834	24	1
4835	24	1
4836	24	1
4837	24	1
4838	24	1
4839	24	1
4840	24	1
4841	24	1
4842	24	1
4843	24	1
4844	24	1
4845	24	1
4846	24	1
4847	24	1
4848	24	1
4849	24	1
4850	24	1
4851	24	1
4852	24	1
4853	24	1
4854	24	1
4855	24	1
4856	24	1
4857	24	1
4858	24	1
4859	24	1
4860	24	1
4861	24	1
4862	24	1
4863	24	1
4864	24	1
4865	24	1
4866	24	1
4867	24	1
4868	24	1
4869	24	1
4870	24	1
4871	24	1
4872	24	1
4873	24	1
4874	24	1
4875	24	1
4876	24	1
4877	24	1
4878	24	1
4879	24	1
4880	24	1
4881	24	1
4882	24	1
4883	24	1
4884	24	1
4885	24	1
4886	24	1
4887	24	1
4888	24	1
4889	24	1
4890	24	1
4891	24	1
4892	24	1
4893	24	1
4894	24	1
4895	24	1
4896	24	1
4897	24	1
4898	24	1
4899	24	1
4900	24	1
4901	24	1
4902	24	1
4903	24	1
4904	24	1
4905	24	1
4906	24	1
4907	24	1
4908	24	1
4909	24	1
4910	24	1
4911	24	1
4912	24	1
4913	24	1
4914	24	1
4915	24	1
4916	24	1
4917	24	1
4918	24	1
4919	24	1
4920	24	1
4921	24	1
4922	24	1
4923	24	1
4924	24	1
4925	24	1
4926	24	1
4927	24	1
4928	24	1
4929	24	1
4930	24	1
4931	24	1
4932	24	1
4933	24	1
4934	24	1
4935	24	1
4936	24	1
4937	24	1
4938	24	1
4939	24	1
4940	24	1
4941	24	1
4942	24	1
4943	24	1
4944	24	1
4945	24	1
4946	24	1
4947	24	1
4948	24	1
4949	24	1
4950	24	1
4951	24	1
4952	24	1
4953	24	1
4954	24	1
4955	24	1
4956	24	1
4957	24	1
4958	24	1
4959	24	1
4960	24	1
4961	24	1
4962	24	1
4963	24	1
4964	24	1
4965	24	1
4966	24	1
4967	24	1
4968	24	1
4969	24	1
4970	24	1
4971	24	1
4972	24	1
4973	24	1
4974	24	1
4975	24	1
4976	24	1
4977	24	1
4978	24	1
4979	24	1
4980	24	1
4981	24	1
4982	24	1
4983	24	1
4984	24	1
4985	24	1
4986	24	1
4987	24	1
4988	24	1
4989	24	1
4990	24	1
4991	24	1
4992	24	1
4993	24	1
4994	24	1
4995	24	1
4996	24	1
4997	24	1
4998	24	1
4999	24	1
5000	24	1
5001	24	1
5002	24	1
5003	24	1
5004	24	1
5005	24	1
5006	24	1
5007	24	1
5008	24	1
5009	24	1
5010	24	1
5011	24	1
5012	24	1
5013	24	1
5014	24	1
5015	24	1
5016	24	1
5017	24	1
5018	24	1
5019	24	1
5020	24	1
5021	24	1
5022	24	1
5023	24	1
5024	24	1
5025	24	1
5026	24	1
5027	24	1
5028	24	1
5029	24	1
5030	24	1
5031	24	1
5032	24	1
5033	24	1
5034	24	1
5035	24	1
5036	24	1
5037	24	1
5038	24	1
5039	24	1
5040	24	1
5041	24	1
5042	24	1
5043	24	1
5044	24	1
5045	24	1
5046	24	1
5047	24	1
5048	24	1
5049	24	1
5050	24	1
5051	24	1
5052	24	1
5053	24	1
5054	24	1
5055	24	1
5056	24	1
5057	24	1
5058	24	1
5059	24	1
5060	24	1
5061	24	1
5062	24	1
5063	24	1
5064	24	1
5065	24	1
5066	24	1
5067	24	1
5068	24	1
5069	24	1
5070	24	1
5071	24	1
5072	24	1
5073	24	1
5074	24	1
5075	24	1
5076	24	1
5077	24	1
5078	24	1
5079	24	1
5080	24	1
5081	24	1
5082	24	1
5083	24	1
5084	24	1
5085	24	1
5086	24	1
5087	24	1
5088	24	1
5089	24	1
5090	24	1
5091	24	1
5092	24	1
5093	24	1
5094	24	1
5095	24	1
5096	24	1
5097	24	1
5098	24	1
5099	24	1
5100	24	1
5101	24	1
5102	24	1
5103	24	1
5104	24	1
5105	24	1
5106	24	1
5107	24	1
5108	24	1
5109	24	1
5110	24	1
5111	24	1
5112	24	1
5113	24	1
5114	24	1
5115	24	1
5116	24	1
5117	24	1
5118	24	1
5119	24	1
5120	24	1
5121	24	1
5122	24	1
5123	24	1
5124	24	1
5125	24	1
5126	24	1
5127	24	1
5128	24	1
5129	24	1
5130	24	1
5131	24	1
5132	24	1
5133	24	1
5134	24	1
5135	24	1
5136	24	1
5137	24	1
5138	24	1
5139	24	1
5140	24	1
5141	24	1
5142	24	1
5143	24	1
5144	24	1
5145	24	1
5146	24	1
5147	24	1
5148	24	1
5149	24	1
5150	24	1
5151	24	1
5152	24	1
5153	24	1
5154	24	1
5155	24	1
5156	24	1
5157	24	1
5158	24	1
5159	24	1
5160	24	1
5161	24	1
5162	24	1
5163	24	1
5164	24	1
5165	24	1
5166	24	1
5167	24	1
5168	24	1
5169	24	1
5170	24	1
5171	24	1
5172	24	1
5173	24	1
5174	24	1
5175	24	1
5176	24	1
5177	24	1
5178	24	1
5179	24	1
5180	24	1
5181	24	1
5182	24	1
5183	24	1
5184	24	1
5185	24	1
5186	24	1
5187	24	1
5188	24	1
5189	24	1
5190	24	1
5191	24	1
5192	24	1
5193	24	1
5194	24	1
5195	24	1
5196	24	1
5197	24	1
5198	24	1
5199	24	1
5200	24	1
5201	24	1
5202	24	1
5203	24	1
5204	24	1
5205	24	1
5206	24	1
5207	24	1
5208	24	1
5209	24	1
5210	24	1
5211	24	1
5212	24	1
5213	24	1
5214	24	1
5215	24	1
5216	24	1
5217	24	1
5218	24	1
5219	24	1
5220	24	1
5221	24	1
5222	24	1
5223	24	1
5224	24	1
5225	24	1
5226	24	1
5227	24	1
5228	25	1
5229	25	1
5230	25	1
5231	25	1
5232	25	1
5233	25	1
5234	25	1
5235	25	1
5236	25	1
5237	25	1
5238	25	1
5239	25	1
5240	25	1
5241	25	1
5242	25	1
5243	25	1
5244	25	1
5245	25	1
5246	25	1
5247	25	1
5248	25	1
5249	25	1
5250	25	1
5251	25	1
5252	25	1
5253	25	1
5254	25	1
5255	25	1
5256	25	1
5257	25	1
5258	25	1
5259	25	1
5260	25	1
5261	25	1
5262	25	1
5263	25	1
5264	25	1
5265	25	1
5266	25	1
5267	25	1
5268	25	1
5269	25	1
5270	25	1
5271	25	1
5272	25	1
5273	25	1
5274	25	1
5275	25	1
5276	25	1
5277	25	1
5278	25	1
5279	25	1
5280	25	1
5281	25	1
5282	25	1
5283	25	1
5284	25	1
5285	25	1
5286	25	1
5287	25	1
5288	25	1
5289	25	1
5290	25	1
5291	25	1
5292	25	1
5293	25	1
5294	25	1
5295	25	1
5296	25	1
5297	25	1
5298	25	1
5299	25	1
5300	25	1
5301	25	1
5302	25	1
5303	25	1
5304	25	1
5305	25	1
5306	25	1
5307	25	1
5308	25	1
5309	25	1
5310	25	1
5311	25	1
5312	25	1
5313	25	1
5314	25	1
5315	25	1
5316	25	1
5317	25	1
5318	25	1
5319	25	1
5320	25	1
5321	25	1
5322	25	1
5323	25	1
5324	25	1
5325	25	1
5326	25	1
5327	25	1
5328	25	1
5329	25	1
5330	25	1
5331	25	1
5332	25	1
5333	25	1
5334	25	1
5335	25	1
5336	25	1
5337	25	1
5338	25	1
5339	25	1
5340	25	1
5341	25	1
5342	25	1
5343	25	1
5344	25	1
5345	25	1
5346	25	1
5347	25	1
5348	25	1
5349	25	1
5350	25	1
5351	25	1
5352	25	1
5353	25	1
5354	25	1
5355	25	1
5356	25	1
5357	25	1
5358	25	1
5359	25	1
5360	25	1
5361	25	1
5362	26	1
5363	26	1
5364	26	1
5365	26	1
5366	26	1
5367	26	1
5368	26	1
5369	26	1
5370	26	1
5371	26	1
5372	26	1
5373	26	1
5374	26	1
5375	26	1
5376	26	1
5377	26	1
5378	26	1
5379	26	1
5380	26	1
5381	26	1
5382	26	1
5383	26	1
5384	26	1
5385	26	1
5386	26	1
5387	26	1
5388	26	1
5389	26	1
5390	26	1
5391	26	1
5392	26	1
5393	26	1
5394	26	1
5395	26	1
5396	26	1
5397	26	1
5398	26	1
5399	26	1
5400	26	1
5401	26	1
5402	26	1
5403	26	1
5404	26	1
5405	26	1
5406	26	1
5407	26	1
5408	26	1
5409	26	1
5410	26	1
5411	26	1
5412	26	1
5413	26	1
5414	26	1
5415	26	1
5416	26	1
5417	26	1
5418	26	1
5419	26	1
5420	26	1
5421	26	1
5422	26	1
5423	26	1
5424	26	1
5425	26	1
5426	26	1
5427	26	1
5428	26	1
5429	26	1
5430	26	1
5431	26	1
5432	26	1
5433	26	1
5434	26	1
5435	26	1
5436	26	1
5437	26	1
5438	26	1
5439	26	1
5440	26	1
5441	26	1
5442	26	1
5443	26	1
5444	26	1
5445	26	1
5446	26	1
5447	26	1
5448	26	1
5449	26	1
5450	26	1
5451	26	1
5452	26	1
5453	26	1
5454	26	1
5455	26	1
5456	26	1
5457	26	1
5458	26	1
5459	26	1
5460	26	1
5461	26	1
5462	26	1
5463	26	1
5464	26	1
5465	26	1
5466	26	1
5467	26	1
5468	26	1
5469	26	1
5470	26	1
5471	26	1
5472	26	1
5473	26	1
5474	26	1
5475	26	1
5476	26	1
5477	26	1
5478	26	1
5479	26	1
5480	26	1
5481	26	1
5482	26	1
5483	26	1
5484	26	1
5485	26	1
5486	26	1
5487	26	1
5488	26	1
5489	26	1
5490	26	1
5491	26	1
5492	26	1
5493	26	1
5494	26	1
5495	26	1
5496	26	1
5497	26	1
5498	26	1
5499	26	1
5500	26	1
5501	26	1
5502	26	1
5503	26	1
5504	26	1
5505	26	1
5506	26	1
5507	26	1
5508	26	1
5509	26	1
5510	26	1
5511	26	1
5512	26	1
5513	26	1
5514	26	1
5515	26	1
5516	26	1
5517	26	1
5518	26	1
5519	26	1
5520	26	1
5521	26	1
5522	26	1
5523	26	1
5524	26	1
5525	26	1
5526	26	1
5527	26	1
5528	26	1
5529	26	1
5530	26	1
5531	26	1
5532	26	1
5533	26	1
5534	26	1
5535	26	1
5536	26	1
5537	26	1
5538	26	1
5539	26	1
5540	26	1
5541	26	1
5542	26	1
5543	26	1
5544	26	1
5545	26	1
5546	26	1
5547	26	1
5548	26	1
5549	26	1
5550	26	1
5551	26	1
5552	26	1
5553	26	1
5554	26	1
5555	26	1
5556	26	1
5557	26	1
5558	26	1
5559	26	1
5560	26	1
5561	26	1
5562	26	1
5563	26	1
5564	26	1
5565	26	1
5566	26	1
5567	26	1
5568	26	1
5569	26	1
5570	26	1
5571	26	1
5572	26	1
5573	26	1
5574	26	1
5575	26	1
5576	26	1
5577	26	1
5578	26	1
5579	26	1
5580	26	1
5581	26	1
5582	26	1
5583	26	1
5584	26	1
5585	26	1
5586	26	1
5587	26	1
5588	26	1
5589	26	1
5590	26	1
5591	26	1
5592	26	2
5593	26	2
5594	26	2
5595	26	2
5596	26	2
5597	26	2
5598	26	2
5599	26	2
5600	26	2
5601	26	2
5602	26	2
5603	26	2
5604	26	2
5605	26	2
5606	26	2
5607	26	2
5608	26	2
5609	26	2
5610	26	2
5611	26	2
5612	26	2
5613	26	2
5614	26	2
5615	26	2
5616	26	2
5617	26	2
5618	26	2
5619	26	2
5620	26	2
5621	26	2
5622	26	2
5623	26	2
5624	26	2
5625	26	2
5626	26	2
5627	26	2
5628	26	2
5629	26	2
5630	26	2
5631	26	2
5632	26	2
5633	26	2
5634	26	2
5635	26	2
5636	26	2
5637	26	2
5638	26	2
5639	26	2
5640	26	2
5641	26	2
5642	26	1
5643	26	1
5644	26	1
5645	26	1
5646	26	1
5647	26	1
5648	26	1
5649	26	1
5650	26	1
5651	26	1
5652	26	1
5653	26	1
5654	26	1
5655	26	1
5656	26	1
5657	26	1
5658	26	1
5659	26	1
5660	26	1
5661	26	1
5662	26	1
5663	26	1
5664	26	1
5665	26	1
5666	26	1
5667	26	1
5668	26	1
5669	26	1
5670	26	1
5671	26	1
5672	26	1
5673	26	1
5674	26	1
5675	26	1
5676	26	1
5677	26	1
5678	26	1
5679	26	1
5680	26	1
5681	26	1
5682	26	1
5683	26	1
5684	26	1
5685	26	1
5686	26	1
5687	26	1
5688	26	1
5689	26	1
5690	26	1
5691	26	1
5692	26	1
5693	26	1
5694	26	1
5695	26	1
5696	26	1
5697	26	1
5698	26	1
5699	26	1
5700	26	1
5701	26	1
5702	26	1
5703	26	1
5704	26	1
5705	26	1
5706	26	1
5707	26	1
5708	26	1
5709	26	1
5710	26	1
5711	26	1
5712	26	1
5713	26	1
5714	26	1
5715	26	1
5716	26	1
5717	26	1
5718	26	1
5719	26	1
5720	26	1
5721	26	1
5722	26	1
5723	26	1
5724	26	1
5725	26	1
5726	26	1
5727	26	1
5728	26	1
5729	26	1
5730	26	1
5731	26	1
5732	26	1
5733	26	1
5734	26	1
5735	26	1
5736	26	1
5737	26	1
5738	26	1
5739	26	1
5740	26	1
5741	26	1
5742	26	1
5743	26	1
5744	26	1
5745	26	1
5746	26	1
5747	26	1
5748	26	1
5749	26	1
5750	26	1
5751	26	1
5752	26	1
5753	26	1
5754	26	1
5755	26	1
5756	26	1
5757	26	1
5758	26	1
5759	26	1
5760	26	1
5761	26	1
5762	26	1
5763	26	1
5764	26	1
5765	26	1
5766	26	1
5767	26	1
5768	26	1
5769	26	1
5770	26	1
5771	26	1
5772	26	1
5773	26	1
5774	26	1
5775	26	1
5776	26	1
5777	26	1
5778	26	1
5779	26	1
5780	26	1
5781	26	1
5782	26	1
5783	26	1
5784	26	1
5785	26	1
5786	26	1
5787	26	1
5788	26	1
5789	26	1
5790	26	1
5791	26	1
5792	27	1
5793	27	1
5794	27	1
5795	27	1
5796	27	1
5797	27	1
5798	27	1
5799	27	1
5800	27	1
5801	27	1
5802	27	1
5803	27	1
5804	27	1
5805	27	1
5806	27	1
5807	27	1
5808	27	1
5809	28	1
5810	28	1
5811	28	1
5812	28	2
5813	28	2
5814	28	2
5815	28	2
5816	28	2
5817	28	2
5818	28	2
5819	28	2
5820	28	2
5821	28	2
5822	28	2
5823	28	2
5824	28	2
5825	28	2
5826	28	2
5827	28	2
5828	28	2
5829	28	2
5830	28	2
5831	28	2
5832	28	2
5833	28	2
5834	28	2
5835	28	2
5836	28	2
5837	28	2
5838	28	2
5839	28	2
5840	28	2
5841	28	2
5842	28	2
5843	28	2
5844	28	2
5845	28	2
5846	28	2
5847	28	2
5848	28	2
5849	28	2
5850	28	2
5851	28	2
5852	28	2
5853	28	2
5854	28	2
5855	28	2
5856	28	2
5857	28	2
5858	28	2
5859	28	2
5860	28	2
5861	28	2
5862	28	2
5863	28	2
5864	28	2
5865	28	2
5866	28	2
5867	28	2
5868	28	2
5869	28	2
5870	28	2
5871	28	2
5872	28	2
5873	28	2
5874	28	2
5875	28	2
5876	28	2
5877	28	2
5878	28	1
5879	28	1
5880	28	1
5881	28	1
5882	28	1
5883	28	1
5884	28	1
5885	28	1
5886	28	1
5887	28	1
5888	28	1
5889	28	1
5890	28	1
5891	28	1
5892	28	1
5893	28	1
5894	28	1
5895	28	1
5896	28	1
5897	28	1
5898	28	1
5899	28	1
5900	28	1
5901	28	2
5902	28	2
5903	28	2
5904	28	2
5905	28	2
5906	28	2
5907	28	2
5908	28	2
5909	28	2
5910	28	2
5911	28	2
5912	28	2
5913	28	2
5914	28	2
5915	28	2
5916	28	2
5917	28	2
5918	28	2
5919	28	2
5920	28	2
5921	28	2
5922	28	2
5923	28	2
5924	28	2
5925	28	2
5926	28	2
5927	28	2
5928	28	2
5929	28	2
5930	28	2
5931	28	2
5932	28	2
5933	28	2
5934	28	2
5935	28	2
5936	28	2
5937	28	2
5938	28	2
5939	28	2
5940	28	2
5941	28	2
5942	28	2
5943	28	2
5944	28	2
5945	28	2
5946	28	2
5947	28	2
5948	28	2
5949	28	2
5950	28	2
5951	28	2
5952	28	2
5953	28	2
5954	28	2
5955	28	2
5956	28	2
5957	28	2
5958	28	2
5959	28	2
5960	28	1
5961	28	1
5962	28	1
5963	28	1
5964	28	1
5965	28	1
5966	28	1
5967	28	1
5968	28	1
5969	28	1
5970	28	1
5971	28	1
5972	28	1
5973	28	1
5974	28	1
5975	28	1
5976	28	1
5977	28	1
5978	28	1
5979	28	1
5980	28	1
5981	28	1
5982	28	1
5983	28	1
5984	28	1
5985	28	1
5986	28	1
5987	28	1
5988	28	1
5989	28	1
5990	28	1
5991	28	1
5992	28	1
5993	28	1
5994	28	1
5995	28	1
5996	28	1
5997	28	1
5998	28	1
5999	28	1
6000	28	1
6001	28	1
6002	28	1
6003	28	1
6004	28	1
6005	28	1
6006	28	1
6007	28	1
6008	28	1
6009	28	1
6010	28	1
6011	28	1
6012	28	1
6013	28	1
6014	28	1
6015	28	1
6016	28	1
6017	28	1
6018	28	1
6019	28	1
6020	28	1
6021	28	1
6022	28	1
6023	28	1
6024	28	1
6025	28	1
6026	28	1
6027	28	1
6028	28	1
6029	28	1
6030	28	1
6031	28	1
6032	28	1
6033	28	1
6034	28	1
6035	28	1
6036	28	1
6037	28	1
6038	28	1
6039	28	1
6040	28	1
6041	28	1
6042	28	1
6043	28	1
6044	28	1
6045	28	1
6046	28	1
6047	28	1
6048	28	1
6049	28	1
6050	28	1
6051	28	1
6052	28	1
6053	28	1
6054	28	1
6055	28	1
6056	28	1
6057	28	1
6058	28	1
6059	28	1
6060	28	1
6061	28	1
6062	28	1
6063	28	1
6064	28	1
6065	28	1
6066	28	1
6067	28	1
6068	28	1
6069	28	1
6070	28	1
6071	28	1
6072	28	1
6073	28	1
6074	28	1
6075	28	1
6076	28	1
6077	28	1
6078	28	1
6079	28	1
6080	28	1
6081	28	1
6082	28	1
6083	28	1
6084	28	1
6085	28	1
6086	28	1
6087	28	1
6088	28	1
6089	28	1
6090	28	1
6091	28	1
6092	28	1
6093	28	1
6094	28	1
6095	28	1
6096	28	1
6097	28	1
6098	28	1
6099	28	1
6100	28	1
6101	28	1
6102	28	1
6103	28	1
6104	28	1
6105	28	1
6106	28	1
6107	28	1
6108	28	1
6109	28	1
6110	28	1
6111	28	1
6112	28	1
6113	28	1
6114	28	1
6115	28	1
6116	28	1
6117	28	1
6118	28	1
6119	28	1
6120	28	1
6121	28	1
6122	28	1
6123	28	1
6124	28	1
6125	28	1
6126	28	1
6127	28	1
6128	28	1
6129	28	1
6130	28	1
6131	28	1
6132	28	1
6133	28	1
6134	28	1
6135	28	1
6136	28	1
6137	28	1
6138	28	1
6139	28	1
6140	28	1
6141	28	1
6142	28	1
6143	28	1
6144	28	1
6145	28	1
6146	28	1
6147	28	1
6148	28	1
6149	28	1
6150	28	1
6151	28	1
6152	28	1
6153	28	1
6154	28	1
6155	28	1
6156	28	1
6157	28	1
6158	28	1
6159	28	1
6160	28	1
6161	28	1
6162	28	1
6163	28	1
6164	28	1
6165	28	1
6166	28	1
6167	28	1
6168	28	1
6169	28	1
6170	28	1
6171	28	1
6172	28	1
6173	28	1
6174	28	1
6175	29	1
6176	29	1
6177	29	1
6178	29	1
6179	29	1
6180	29	1
6181	29	1
6182	29	1
6183	29	1
6184	29	1
6185	29	1
6186	29	1
6187	29	1
6188	29	1
6189	29	1
6190	29	1
6191	29	1
6192	29	1
6193	29	1
6194	29	1
6195	29	1
6196	29	1
6197	29	1
6198	29	1
6199	29	1
6200	29	1
6201	29	1
6202	29	1
6203	29	1
6204	29	1
6205	29	1
6206	29	1
6207	29	1
6208	29	1
6209	29	1
6210	29	1
6211	29	1
6212	29	1
6213	29	1
6214	29	1
6215	29	1
6216	29	1
6217	29	1
6218	29	1
6219	29	1
6220	29	1
6221	29	1
6222	29	1
6223	29	1
6224	29	1
6225	29	1
6226	29	1
6227	29	1
6228	29	1
6229	29	1
6230	29	1
6231	29	1
6232	29	1
6233	29	1
6234	29	1
6235	29	1
6236	29	1
6237	29	1
6238	29	1
6239	29	1
6240	29	1
6241	29	1
6242	29	1
6243	29	1
6244	29	1
6245	29	1
6246	29	1
6247	29	1
6248	29	1
6249	29	1
6250	29	1
6251	29	1
6252	29	1
6253	29	1
6254	29	1
6255	29	1
6256	29	1
6257	29	1
6258	29	1
6259	29	1
6260	29	1
6261	29	1
6262	29	1
6263	29	1
6264	29	1
6265	29	1
6266	29	1
6267	29	1
6268	29	1
6269	29	1
6270	29	1
6271	29	1
6272	29	1
6273	29	1
6274	29	1
6275	29	1
6276	29	1
6277	29	1
6278	29	1
6279	29	1
6280	29	1
6281	29	1
6282	29	1
6283	29	1
6284	29	1
6285	29	1
6286	29	1
6287	29	1
6288	29	1
6289	29	1
6290	29	1
6291	29	1
6292	29	1
6293	29	1
6294	29	1
6295	29	1
6296	29	1
6297	29	1
6298	29	1
6299	29	1
6300	29	1
6301	29	1
6302	29	1
6303	29	1
6304	29	1
6305	29	1
6306	29	1
6307	29	1
6308	29	1
6309	29	1
6310	29	1
6311	29	1
6312	29	1
6313	29	1
6314	29	1
6315	29	1
6316	29	1
6317	29	1
6318	29	1
6319	29	1
6320	29	1
6321	29	1
6322	29	1
6323	29	1
6324	29	1
6325	29	1
6326	29	1
6327	29	1
6328	29	1
6329	29	1
6330	29	1
6331	29	1
6332	29	1
6333	29	1
6334	29	1
6335	29	1
6336	29	1
6337	29	1
6338	29	1
6339	29	1
6340	29	1
6341	29	1
6342	29	1
6343	29	1
6344	29	1
6345	29	1
6346	29	1
6347	29	1
6348	29	1
6349	29	1
6350	29	1
6351	29	1
6352	29	1
6353	29	1
6354	29	1
6355	29	1
6356	29	1
6357	29	1
6358	29	1
6359	29	1
6360	29	1
6361	29	1
6362	29	1
6363	29	1
6364	29	1
6365	29	1
6366	29	1
6367	29	1
6368	29	1
6369	29	1
6370	29	1
6371	29	1
6372	29	1
6373	29	1
6374	29	1
6375	29	1
6376	29	1
6377	29	1
6378	29	1
6379	29	1
6380	29	1
6381	29	1
6382	29	1
6383	29	1
6384	29	1
6385	29	1
6386	29	1
6387	29	1
6388	29	1
6389	29	1
6390	29	1
6391	29	1
6392	29	1
6393	29	1
6394	29	1
6395	29	1
6396	29	1
6397	29	1
6398	29	1
6399	29	1
6400	29	1
6401	29	1
6402	29	1
6403	29	1
6404	29	1
6405	29	1
6406	29	1
6407	29	1
6408	29	1
6409	29	1
6410	29	1
6411	29	1
6412	29	1
6413	29	1
6414	29	1
6415	29	1
6416	29	1
6417	29	1
6418	29	1
6419	29	1
6420	29	1
6421	29	1
6422	29	1
6423	29	1
6424	29	1
6425	29	1
6426	29	1
6427	29	1
6428	29	1
6429	29	1
6430	29	1
6431	29	1
6432	29	1
6433	29	1
6434	29	1
6435	29	1
6436	29	1
6437	29	1
6438	29	1
6439	29	1
6440	29	1
6441	29	1
6442	29	1
6443	29	1
6444	29	1
6445	29	1
6446	29	1
6447	29	1
6448	29	1
6449	29	1
6450	29	1
6451	29	1
6452	29	1
6453	29	1
6454	29	1
6455	29	1
6456	29	1
6457	29	1
6458	29	1
6459	29	1
6460	29	1
6461	29	1
6462	29	1
6463	29	1
6464	29	1
6465	29	1
6466	29	1
6467	29	1
6468	29	1
6469	29	1
6470	29	1
6471	29	1
6472	29	1
6473	29	1
6474	29	1
6475	29	1
6476	29	1
6477	29	1
6478	29	1
6479	29	1
6480	29	1
6481	29	1
6482	29	1
6483	29	1
6484	29	1
6485	29	1
6486	29	1
6487	29	1
6488	29	1
6489	29	1
6490	29	1
6491	29	1
6492	29	1
6493	29	1
6494	29	1
6495	29	1
6496	29	1
6497	29	1
6498	29	1
6499	29	1
6500	29	1
6501	29	1
6502	29	1
6503	29	1
6504	29	1
6505	29	1
6506	29	1
6507	29	1
6508	29	1
6509	29	1
6510	29	1
6511	29	1
6512	29	1
6513	29	1
6514	29	1
6515	29	1
6516	29	1
6517	29	1
6518	29	1
6519	29	1
6520	29	1
6521	29	1
6522	29	1
6523	29	1
6524	29	1
6525	29	1
6526	29	1
6527	29	1
6528	29	1
6529	29	1
6530	29	1
6531	29	1
6532	29	1
6533	29	1
6534	29	1
6535	29	1
6536	29	1
6537	29	1
6538	29	1
6539	29	1
6540	29	1
6541	29	1
6542	29	1
6543	29	1
6544	29	1
6545	29	1
6546	29	1
6547	29	1
6548	29	1
6549	29	1
6550	29	1
6551	29	1
6552	29	1
6553	29	1
6554	29	1
6555	29	1
6556	29	1
6557	29	1
6558	29	1
6559	29	1
6560	29	1
6561	29	1
6562	29	1
6563	29	1
6564	29	1
6565	29	1
6566	29	1
6567	29	1
6568	29	1
6569	29	1
6570	29	1
6571	29	1
6572	29	1
6573	29	1
6574	29	1
6575	29	1
6576	29	1
6577	29	1
6578	29	1
6579	29	1
6580	29	1
6581	29	1
6582	29	1
6583	29	1
6584	29	1
6585	29	1
6586	29	1
6587	29	1
6588	29	1
6589	29	1
6590	29	1
6591	29	1
6592	29	1
6593	29	1
6594	29	1
6595	29	1
6596	29	1
6597	29	1
6598	29	1
6599	29	1
6600	29	1
6601	29	1
6602	29	1
6603	29	1
6604	29	1
6605	29	1
6606	29	1
6607	29	1
6608	29	1
6609	29	1
6610	29	1
6611	29	1
6612	29	1
6613	29	1
6614	29	1
6615	29	1
6616	29	1
6617	29	1
6618	29	1
6619	29	1
6620	29	1
6621	29	1
6622	29	1
6623	29	1
6624	29	1
6625	29	1
6626	29	1
6627	29	1
6628	29	1
6629	29	1
6630	29	1
6631	29	1
6632	29	1
6633	29	1
6634	29	1
6635	29	1
6636	29	1
6637	29	1
6638	29	1
6639	29	1
6640	29	1
6641	29	1
6642	29	1
6643	29	1
6644	29	1
6645	29	1
6646	29	1
6647	29	1
6648	29	1
6649	29	1
6650	29	1
6651	29	1
6652	29	1
6653	29	1
6654	29	1
6655	29	1
6656	29	1
6657	29	1
6658	29	1
6659	29	1
6660	29	1
6661	29	1
6662	29	1
6663	29	1
6664	29	1
6665	29	1
6666	29	1
6667	29	1
6668	29	1
6669	29	1
6670	29	1
6671	29	1
6672	29	1
6673	29	1
6674	29	1
6675	29	1
6676	29	1
6677	29	1
6678	29	1
6679	29	1
6680	29	1
6681	29	1
6682	29	1
6683	29	1
6684	29	1
6685	29	1
6686	29	1
6687	29	1
6688	29	1
6689	29	1
6690	29	1
6691	29	1
6692	29	1
6693	29	1
6694	29	1
6695	29	1
6696	29	1
6697	29	1
6698	29	1
6699	29	1
6700	29	1
6701	29	1
6702	29	1
6703	29	1
6704	29	1
6705	29	1
6706	29	1
6707	29	1
6708	29	1
6709	29	1
6710	29	1
6711	29	1
6712	29	1
6713	29	1
6714	29	1
6715	29	1
6716	29	1
6717	29	1
6718	29	1
6719	29	1
6720	29	1
6721	29	1
6722	29	1
6723	29	1
6724	29	1
6725	29	1
6726	29	1
6727	29	1
6728	29	1
6729	29	1
6730	29	1
6731	29	1
6732	29	1
6733	29	1
6734	29	1
6735	29	1
6736	29	1
6737	29	1
6738	29	1
6739	29	1
6740	29	1
6741	29	1
6742	29	1
6743	29	1
6744	29	1
6745	29	1
6746	29	1
6747	29	1
6748	29	1
6749	29	1
6750	29	1
6751	29	1
6752	29	1
6753	29	1
6754	29	1
6755	29	1
6756	29	1
6757	29	1
6758	29	1
6759	29	1
6760	29	1
6761	29	1
6762	29	1
6763	29	1
6764	29	1
6765	29	1
6766	29	1
6767	29	1
6768	29	1
6769	29	1
6770	29	1
6771	29	1
6772	29	1
6773	29	1
6774	29	1
6775	29	1
6776	29	1
6777	29	1
6778	29	1
6779	29	1
6780	29	1
6781	29	1
6782	29	1
6783	29	1
6784	29	1
6785	29	1
6786	29	1
6787	29	1
6788	29	1
6789	29	1
6790	29	1
6791	29	1
6792	29	1
6793	29	1
6794	29	1
6795	29	1
6796	29	1
6797	29	1
6798	29	1
6799	29	1
6800	29	1
6801	29	1
6802	29	1
6803	29	1
6804	29	1
6805	29	1
6806	29	1
6807	29	1
6808	29	1
6809	29	1
6810	29	1
6811	29	1
6812	29	1
6813	29	1
6814	29	1
6815	29	1
6816	29	1
6817	29	1
6818	29	1
6819	29	1
6820	29	1
6821	29	1
6822	29	1
6823	29	1
6824	29	1
6825	29	1
6826	29	1
6827	29	1
6828	29	1
6829	29	1
6830	29	1
6831	29	1
6832	29	1
6833	29	1
6834	29	1
6835	29	1
6836	29	1
6837	29	1
6838	29	1
6839	29	1
6840	29	1
6841	29	1
6842	29	1
6843	29	1
6844	29	1
6845	29	1
6846	29	1
6847	29	1
6848	29	1
6849	29	1
6850	29	1
6851	29	1
6852	29	2
6853	29	2
6854	29	2
6855	29	2
6856	29	2
6857	29	2
6858	29	2
6859	29	2
6860	29	2
6861	29	2
6862	29	2
6863	29	2
6864	29	2
6865	29	2
6866	29	2
6867	29	2
6868	29	2
6869	29	2
6870	29	2
6871	29	2
6872	29	2
6873	29	2
6874	29	2
6875	29	2
6876	29	2
6877	29	2
6878	29	2
6879	29	2
6880	29	2
6881	29	2
6882	29	1
6883	29	1
6884	29	1
6885	29	1
6886	29	1
6887	29	1
6888	29	1
6889	29	1
6890	29	1
6891	29	1
6892	29	1
6893	29	1
6894	29	1
6895	29	1
6896	29	1
6897	29	1
6898	29	1
6899	29	1
6900	29	1
6901	29	1
6902	29	1
6903	29	1
6904	29	1
6905	29	1
6906	29	1
6907	29	1
6908	29	1
6909	29	1
6910	29	1
6911	29	1
6912	29	1
6913	29	1
6914	29	1
6915	29	1
6916	29	1
6917	29	1
6918	29	1
6919	29	1
6920	29	1
6921	29	1
6922	29	1
6923	29	1
6924	29	1
6925	29	1
6926	29	1
6927	29	1
6928	29	1
6929	29	1
6930	29	1
6931	29	1
6932	29	1
6933	29	1
6934	29	1
6935	29	1
6936	29	1
6937	29	1
6938	29	1
6939	29	1
6940	29	1
6941	29	1
6942	29	1
6943	29	1
6944	29	1
6945	29	1
6946	29	1
6947	29	1
6948	29	1
6949	29	1
6950	29	1
6951	29	1
6952	29	1
6953	29	1
6954	29	1
6955	29	1
6956	29	1
6957	29	1
6958	29	1
6959	29	1
6960	29	1
6961	29	1
6962	29	1
6963	29	1
6964	29	1
6965	29	1
6966	29	1
6967	29	1
6968	29	1
6969	29	1
6970	29	2
6971	29	2
6972	29	2
6973	29	2
6974	29	2
6975	29	2
6976	29	2
6977	29	2
6978	29	2
6979	29	2
6980	29	2
6981	29	2
6982	29	2
6983	29	2
6984	29	2
6985	29	2
6986	29	2
6987	29	2
6988	29	2
6989	29	2
6990	29	2
6991	29	2
6992	29	2
6993	29	2
6994	29	2
6995	29	2
6996	29	2
6997	29	2
6998	29	2
6999	29	2
7000	29	2
7001	29	2
7002	29	2
7003	29	2
7004	29	2
7005	29	2
7006	29	2
7007	29	2
7008	29	2
7009	29	2
7010	29	2
7011	29	2
7012	29	2
7013	29	2
7014	29	2
7015	29	2
7016	29	2
7017	29	2
7018	29	2
7019	29	2
7020	29	2
7021	29	2
7022	29	2
7023	29	2
7024	29	2
7025	29	2
7026	29	2
7027	29	2
7028	29	2
7029	29	2
7030	29	2
7031	29	2
7032	29	2
7033	29	2
7034	29	2
7035	29	2
7036	29	2
7037	29	2
7038	29	2
7039	29	2
7040	29	2
7041	29	2
7042	29	2
7043	30	2
7044	30	2
7045	30	2
7046	30	2
7047	30	2
7048	30	2
7049	30	2
7050	30	2
7051	30	2
7052	30	2
7053	30	2
7054	30	2
7055	30	2
7056	30	2
7057	30	2
7058	30	2
7059	30	2
7060	30	2
7061	30	2
7062	30	2
7063	30	2
7064	30	2
7065	30	2
7066	30	2
7067	30	2
7068	30	2
7069	30	2
7070	30	2
7071	30	2
7072	30	2
7073	30	2
7074	30	2
7075	30	2
7076	30	2
7077	30	2
7078	30	2
7079	30	2
7080	30	2
7081	30	2
7082	30	2
7083	30	2
7084	30	2
7085	30	2
7086	30	2
7087	30	2
7088	30	2
7089	30	2
7090	30	2
7091	30	2
7092	30	2
7093	30	2
7094	30	2
7095	30	2
7096	30	2
7097	30	2
7098	30	2
7099	30	2
7100	30	2
7101	30	2
7102	30	2
7103	30	2
7104	30	2
7105	30	2
7106	30	2
7107	30	2
7108	30	2
7109	30	2
7110	30	2
7111	30	2
7112	30	2
7113	30	2
7114	30	2
7115	30	2
7116	30	2
7117	30	2
7118	30	2
7119	30	2
7120	30	2
7121	30	2
7122	30	2
7123	30	2
7124	30	2
7125	30	2
7126	30	2
7127	30	2
7128	30	2
7129	30	2
7130	30	2
7131	30	2
7132	30	2
7133	30	2
7134	30	2
7135	30	2
7136	30	2
7137	30	2
7138	30	2
7139	30	2
7140	30	2
7141	30	2
7142	30	2
7143	30	2
7144	30	2
7145	30	2
7146	30	2
7147	30	2
7148	30	2
7149	30	2
7150	30	2
7151	30	2
7152	30	2
7153	30	2
7154	30	2
7155	30	2
7156	30	2
7157	30	2
7158	30	2
7159	30	2
7160	30	2
7161	30	2
7162	30	2
7163	30	2
7164	30	2
7165	30	2
7166	30	2
7167	30	2
7168	30	2
7169	30	2
7170	30	2
7171	30	2
7172	30	2
7173	30	2
7174	30	2
7175	30	2
7176	30	2
7177	30	2
7178	30	2
7179	30	2
7180	30	2
7181	30	2
7182	30	2
7183	30	2
7184	30	2
7185	30	2
7186	30	2
7187	30	2
7188	30	2
7189	30	2
7190	30	2
7191	30	2
7192	30	2
7193	30	2
7194	30	2
7195	30	2
7196	30	2
7197	30	2
7198	30	2
7199	30	2
7200	30	2
7201	30	2
7202	30	2
7203	30	2
7204	30	2
7205	30	2
7206	30	2
7207	30	2
7208	30	2
7209	30	2
7210	30	2
7211	30	2
7212	30	2
7213	30	2
7214	30	2
7215	30	2
7216	30	2
7217	30	2
7218	30	2
7219	30	2
7220	30	2
7221	30	2
7222	30	2
7223	30	2
7224	30	2
7225	30	2
7226	30	2
7227	30	2
7228	30	2
7229	30	2
7230	30	2
7231	30	2
7232	30	2
7233	30	2
7234	30	2
7235	30	2
7236	30	2
7237	30	2
7238	30	2
7239	30	2
7240	30	2
7241	30	2
7242	30	2
7243	30	2
7244	30	2
7245	30	2
7246	30	2
7247	30	2
7248	30	2
7249	30	2
7250	30	2
7251	30	2
7252	30	2
7253	30	2
7254	30	2
7255	30	2
7256	30	2
7257	30	2
7258	30	2
7259	30	2
7260	30	2
7261	30	2
7262	30	2
7263	30	2
7264	30	2
7265	30	2
7266	30	2
7267	30	2
7268	30	2
7269	30	2
7270	30	2
7271	30	2
7272	30	2
7273	30	2
7274	30	2
7275	30	2
7276	30	2
7277	30	2
7278	30	2
7279	30	2
7280	30	2
7281	30	2
7282	30	2
7283	30	2
7284	30	2
7285	30	2
7286	30	2
7287	30	2
7288	30	2
7289	30	2
7290	30	2
7291	30	2
7292	30	2
7293	30	2
7294	30	2
7295	30	2
7296	30	2
7297	30	2
7298	30	2
7299	30	2
7300	30	2
7301	30	2
7302	30	2
7303	30	2
7304	30	2
7305	30	2
7306	30	2
7307	30	2
7308	30	2
7309	30	2
7310	30	2
7311	30	2
7312	30	2
7313	30	2
7314	30	2
7315	30	2
7316	30	2
7317	30	2
7318	30	2
7319	30	2
7320	30	2
7321	30	2
7322	30	2
7323	30	2
7324	30	2
7325	30	2
7326	30	2
7327	30	2
7328	30	2
7329	30	2
7330	30	2
7331	30	2
7332	30	2
7333	30	2
7334	30	2
7335	30	2
7336	30	2
7337	30	2
7338	30	2
7339	30	2
7340	30	2
7341	30	2
7342	30	2
7343	30	2
7344	30	2
7345	30	2
7346	30	2
7347	30	2
7348	30	2
7349	30	2
7350	30	2
7351	30	2
7352	30	2
7353	30	2
7354	30	2
7355	30	2
7356	30	2
7357	30	2
7358	30	2
7359	30	2
7360	30	2
7361	30	2
7362	30	2
7363	30	2
7364	30	2
7365	30	2
7366	30	2
7367	30	2
7368	30	2
7369	30	2
7370	30	2
7371	30	2
7372	30	2
7373	30	2
7374	30	2
7375	30	2
7376	30	2
7377	30	2
7378	30	2
7379	30	2
7380	30	2
7381	30	2
7382	30	2
7383	30	2
7384	30	2
7385	30	2
7386	30	2
7387	30	2
7388	30	2
7389	30	2
7390	30	2
7391	30	2
7392	30	2
7393	30	2
7394	30	2
7395	30	2
7396	30	2
7397	30	2
7398	30	2
7399	31	2
7400	31	2
7401	31	2
7402	31	2
7403	31	2
7404	31	2
7405	31	2
7406	31	2
7407	31	2
7408	31	2
7409	31	2
7410	31	2
7411	31	2
7412	31	2
7413	31	2
7414	31	2
7415	31	2
7416	31	2
7417	31	2
7418	31	2
7419	31	2
7420	31	2
7421	31	2
7422	31	2
7423	31	2
7424	31	2
7425	31	2
7426	31	2
7427	31	2
7428	31	2
7429	31	2
7430	31	2
7431	31	2
7432	31	2
7433	31	2
7434	31	2
7435	31	2
7436	31	2
7437	31	2
7438	31	2
7439	31	2
7440	31	2
7441	31	2
7442	31	2
7443	31	2
7444	31	2
7445	31	2
7446	31	2
7447	31	2
7448	31	2
7449	31	2
7450	31	2
7451	31	2
7452	31	2
7453	31	2
7454	32	2
7455	32	2
7456	32	2
7457	32	2
7458	32	2
7459	32	2
7460	32	2
7461	32	2
7462	32	2
7463	32	2
7464	32	2
7465	32	2
7466	32	2
7467	32	2
7468	32	2
7469	32	2
7470	32	2
7471	32	2
7472	32	2
7473	32	2
7474	32	2
7475	32	2
7476	32	2
7477	32	2
7478	32	2
7479	32	2
7480	32	2
7481	32	2
7482	32	2
7483	32	2
7484	32	2
7485	32	2
7486	32	2
7487	32	2
7488	32	2
7489	32	2
7490	32	2
7491	32	2
7492	32	2
7493	32	2
7494	32	2
7495	32	2
7496	32	2
7497	32	2
7498	32	2
7499	32	2
7500	32	2
7501	32	2
7502	32	2
7503	32	2
7504	32	2
7505	32	2
7506	32	2
7507	32	2
7508	32	2
7509	32	2
7510	32	2
7511	32	2
7512	32	2
7513	32	2
7514	32	2
7515	32	2
7516	32	2
7517	32	2
7518	32	2
7519	32	2
7520	32	2
7521	32	2
7522	32	2
7523	32	2
7524	32	2
7525	32	2
7526	32	2
7527	32	2
7528	32	2
7529	32	2
7530	32	2
7531	32	2
7532	32	2
7533	32	2
7534	32	2
7535	32	2
7536	32	2
7537	32	2
7538	32	2
7539	32	2
7540	32	2
7541	32	2
7542	32	2
7543	32	2
7544	32	2
7545	32	2
7546	32	2
7547	32	2
7548	32	2
7549	32	2
7550	32	2
7551	32	2
7552	32	2
7553	32	2
7554	32	2
7555	32	2
7556	32	2
7557	32	2
7558	32	2
7559	32	2
7560	32	2
7561	32	2
7562	32	2
7563	32	2
7564	32	2
7565	32	2
7566	32	2
7567	32	2
7568	32	2
7569	32	2
7570	32	2
7571	32	2
7572	32	2
7573	32	2
7574	32	2
7575	32	2
7576	32	2
7577	32	2
7578	32	2
7579	32	2
7580	32	2
7581	32	2
7582	32	2
7583	32	2
7584	32	2
7585	32	2
7586	32	2
7587	32	2
7588	32	2
7589	32	2
7590	32	2
7591	32	2
7592	32	2
7593	32	2
7594	32	2
7595	32	2
7596	32	2
7597	32	2
7598	32	2
7599	32	2
7600	32	2
7601	32	2
7602	32	2
7603	32	2
7604	32	2
7605	32	2
7606	32	2
7607	32	2
7608	32	2
7609	32	2
7610	32	2
7611	32	2
7612	32	2
7613	32	2
7614	32	2
7615	32	2
7616	32	2
7617	32	2
7618	32	2
7619	32	2
7620	32	2
7621	32	2
7622	32	2
7623	32	2
7624	32	2
7625	32	2
7626	32	2
7627	32	2
7628	32	2
7629	32	2
7630	32	2
7631	32	2
7632	32	2
7633	32	2
7634	32	2
7635	32	2
7636	32	2
7637	32	2
7638	32	2
7639	32	2
7640	32	2
7641	32	2
7642	32	2
7643	32	2
7644	32	2
7645	32	2
7646	32	2
7647	32	2
7648	32	2
7649	32	2
7650	32	2
7651	32	2
7652	32	2
7653	32	2
7654	32	2
7655	32	2
7656	32	2
7657	32	2
7658	32	2
7659	32	2
7660	32	2
7661	32	2
7662	32	2
7663	32	2
7664	32	2
7665	32	2
7666	32	2
7667	32	2
7668	32	2
7669	32	2
7670	32	2
7671	32	2
7672	32	2
7673	32	2
7674	32	2
7675	32	2
7676	32	2
7677	32	2
7678	32	2
7679	32	2
7680	32	2
7681	32	2
7682	32	2
7683	32	2
7684	32	2
7685	32	2
7686	32	2
7687	32	2
7688	32	2
7689	32	2
7690	32	2
7691	32	2
7692	32	2
7693	32	2
7694	32	2
7695	32	2
7696	32	2
7697	32	2
7698	32	2
7699	32	2
7700	32	2
7701	32	2
7702	32	2
7703	32	2
7704	32	3
7705	32	3
7706	32	3
7707	32	3
7708	32	3
7709	32	3
7710	32	3
7711	32	3
7712	32	3
7713	32	3
7714	32	3
7715	32	3
7716	32	3
7717	32	3
7718	32	3
7719	32	3
7720	32	3
7721	32	3
7722	32	3
7723	32	3
7724	32	3
7725	32	3
7726	32	3
7727	32	3
7728	32	3
7729	32	3
7730	32	3
7731	32	3
7732	32	3
7733	32	3
7734	32	3
7735	32	3
7736	32	3
7737	32	3
7738	32	3
7739	32	3
7740	32	3
7741	32	3
7742	32	3
7743	32	3
7744	32	3
7745	32	3
7746	32	3
7747	32	3
7748	32	3
7749	32	3
7750	32	3
7751	32	3
7752	32	3
7753	32	3
7754	32	3
7755	32	3
7756	32	3
7757	32	3
7758	32	3
7759	32	3
7760	32	3
7761	32	3
7762	32	3
7763	32	3
7764	32	3
7765	32	3
7766	32	3
7767	32	3
7768	32	3
7769	32	3
7770	32	3
7771	32	3
7772	32	3
7773	32	3
7774	32	3
7775	32	3
7776	32	3
7777	32	3
7778	32	3
7779	32	3
7780	32	3
7781	32	3
7782	32	3
7783	32	3
7784	32	3
7785	32	3
7786	32	3
7787	32	3
7788	32	3
7789	32	2
7790	32	2
7791	32	2
7792	32	2
7793	32	2
7794	32	2
7795	32	2
7796	32	2
7797	32	2
7798	32	2
7799	32	2
7800	32	2
7801	32	2
7802	32	2
7803	32	2
7804	32	2
7805	32	2
7806	32	2
7807	32	2
7808	32	2
7809	32	2
7810	32	2
7811	32	2
7812	32	2
7813	32	2
7814	32	2
7815	32	2
7816	32	2
7817	32	2
7818	32	2
7819	32	2
7820	32	2
7821	32	2
7822	32	2
7823	32	2
7824	32	2
7825	32	2
7826	32	2
7827	32	2
7828	32	2
7829	32	2
7830	32	2
7831	32	2
7832	32	2
7833	32	2
7834	32	2
7835	32	2
7836	32	2
7837	32	2
7838	32	2
7839	32	2
7840	32	2
7841	32	2
7842	32	2
7843	32	2
7844	32	2
7845	32	2
7846	32	2
7847	32	2
7848	32	2
7849	32	2
7850	32	2
7851	32	2
7852	32	2
7853	32	2
7854	32	2
7855	32	2
7856	32	2
7857	32	2
7858	32	2
7859	32	2
7860	32	2
7861	32	2
7862	32	2
7863	32	2
7864	32	3
7865	32	3
7866	32	3
7867	32	3
7868	32	3
7869	32	3
7870	32	3
7871	32	3
7872	32	3
7873	32	3
7874	32	3
7875	32	3
7876	32	3
7877	32	3
7878	32	3
7879	32	3
7880	32	3
7881	32	3
7882	32	3
7883	32	3
7884	32	3
7885	32	3
7886	32	3
7887	32	3
7888	32	3
7889	32	3
7890	32	3
7891	32	3
7892	32	3
7893	32	3
7894	32	3
7895	32	3
7896	32	3
7897	32	3
7898	32	3
7899	32	3
7900	32	3
7901	32	3
7902	32	3
7903	32	3
7904	32	3
7905	32	3
7906	32	3
7907	32	3
7908	32	3
7909	32	3
7910	32	3
7911	32	3
7912	32	3
7913	32	3
7914	32	3
7915	32	3
7916	32	3
7917	32	3
7918	32	3
7919	32	3
7920	32	3
7921	32	3
7922	32	3
7923	32	3
7924	32	3
7925	32	3
7926	32	3
7927	32	3
7928	32	3
7929	32	3
7930	32	3
7931	32	3
7932	32	3
7933	32	3
7934	32	3
7935	32	3
7936	32	3
7937	32	3
7938	32	3
7939	32	3
7940	32	3
7941	32	3
7942	32	3
7943	32	3
7944	32	3
7945	32	3
7946	32	3
7947	32	3
7948	32	3
7949	32	3
7950	32	3
7951	32	3
7952	32	3
7953	32	3
7954	32	3
7955	32	3
7956	32	3
7957	32	3
7958	32	3
7959	32	3
7960	32	3
7961	32	3
7962	32	3
7963	32	3
7964	32	3
7965	32	3
7966	32	3
7967	32	3
7968	32	3
7969	32	3
7970	32	3
7971	32	3
7972	32	3
7973	32	3
7974	32	3
7975	32	3
7976	32	3
7977	32	3
7978	32	3
7979	32	3
7980	32	3
7981	32	3
7982	32	3
7983	32	3
7984	32	3
7985	32	3
7986	32	3
7987	32	3
7988	32	3
7989	32	3
7990	32	3
7991	32	4
7992	32	4
7993	32	4
7994	32	4
7995	32	4
7996	32	4
7997	32	4
7998	32	4
7999	32	4
8000	32	4
8001	32	4
8002	32	4
8003	32	4
8004	32	4
8005	32	4
8006	32	4
8007	32	4
8008	32	4
8009	32	4
8010	32	4
8011	33	4
8012	33	4
8013	33	4
8014	33	4
8015	33	4
8016	33	4
8017	33	4
8018	33	4
8019	33	4
8020	33	4
8021	33	4
8022	33	4
8023	33	4
8024	33	4
8025	33	4
8026	33	4
8027	33	4
8028	33	4
8029	33	4
8030	33	4
8031	33	4
8032	33	4
8033	33	4
8034	33	4
8035	33	4
8036	33	4
8037	33	4
8038	33	4
8039	33	4
8040	33	4
8041	33	4
8042	33	4
8043	33	4
8044	33	4
8045	33	4
8046	33	4
8047	33	4
8048	33	4
8049	33	4
8050	33	4
8051	33	4
8052	33	4
8053	33	4
8054	33	4
8055	33	4
8056	33	4
8057	33	4
8058	33	4
8059	33	4
8060	33	4
8061	33	4
8062	33	4
8063	33	4
8064	33	4
8065	33	4
8066	33	4
8067	33	4
8068	33	4
8069	33	4
8070	33	4
8071	33	4
8072	33	4
8073	33	4
8074	33	4
8075	33	4
8076	33	4
8077	33	4
8078	33	4
8079	33	4
8080	33	4
8081	33	4
8082	33	4
8083	33	4
8084	33	4
8085	33	4
8086	33	4
8087	33	4
8088	33	4
8089	33	4
8090	33	4
8091	33	4
8092	33	4
8093	33	4
8094	33	4
8095	33	4
8096	33	4
8097	33	4
8098	33	4
8099	33	4
8100	33	4
8101	33	4
8102	33	4
8103	33	4
8104	33	4
8105	33	4
8106	33	4
8107	33	4
8108	33	4
8109	33	4
8110	33	4
8111	33	4
8112	33	4
8113	33	4
8114	33	4
8115	33	4
8116	33	4
8117	33	4
8118	33	4
8119	33	4
8120	33	4
8121	33	4
8122	33	4
8123	33	4
8124	33	4
8125	33	4
8126	33	4
8127	33	4
8128	33	4
8129	33	4
8130	33	4
8131	33	4
8132	33	4
8133	33	4
8134	33	4
8135	33	4
8136	33	4
8137	33	4
8138	33	4
8139	33	4
8140	33	4
8141	33	4
8142	33	4
8143	33	4
8144	33	4
8145	33	4
8146	33	4
8147	33	4
8148	33	4
8149	33	4
8150	33	4
8151	33	4
8152	33	4
8153	33	4
8154	33	4
8155	33	4
8156	33	4
8157	33	4
8158	33	4
8159	33	4
8160	33	4
8161	33	4
8162	33	4
8163	33	4
8164	33	4
8165	33	4
8166	33	4
8167	33	4
8168	33	4
8169	33	4
8170	33	4
8171	33	4
8172	33	4
8173	33	4
8174	33	4
8175	33	4
8176	33	4
8177	33	4
8178	33	4
8179	33	4
8180	33	4
8181	33	4
8182	33	4
8183	33	4
8184	33	4
8185	33	4
8186	33	4
8187	33	4
8188	33	4
8189	33	4
8190	33	4
8191	33	4
8192	33	4
8193	33	4
8194	33	4
8195	33	4
8196	33	4
8197	33	4
8198	33	4
8199	33	4
8200	33	4
8201	33	4
8202	33	4
8203	33	4
8204	33	4
8205	33	4
8206	33	4
8207	33	4
8208	33	4
8209	33	4
8210	33	4
8211	33	4
8212	33	4
8213	33	4
8214	33	4
8215	33	4
8216	33	4
8217	33	4
8218	33	4
8219	33	4
8220	33	4
8221	33	4
8222	33	4
8223	33	4
8224	33	4
8225	33	4
8226	33	4
8227	33	4
8228	33	4
8229	33	4
8230	33	4
8231	33	4
8232	33	4
8233	33	4
8234	33	4
8235	33	4
8236	33	4
8237	33	4
8238	33	4
8239	33	4
8240	33	4
8241	33	4
8242	33	4
8243	33	4
8244	33	4
8245	33	4
8246	33	4
8247	33	4
8248	33	4
8249	33	4
8250	33	4
8251	33	4
8252	33	4
8253	33	4
8254	33	4
8255	33	4
8256	33	4
8257	33	4
8258	33	4
8259	33	4
8260	33	4
8261	33	4
8262	33	4
8263	33	4
8264	33	4
8265	33	4
8266	33	4
8267	33	4
8268	33	4
8269	33	4
8270	33	4
8271	33	4
8272	33	4
8273	33	4
8274	33	4
8275	33	4
8276	33	4
8277	33	4
8278	33	4
8279	33	4
8280	33	4
8281	33	4
8282	33	4
8283	33	4
8284	33	4
8285	33	4
8286	33	4
8287	33	4
8288	33	4
8289	33	4
8290	33	4
8291	33	4
8292	33	4
8293	33	4
8294	33	4
8295	33	4
8296	33	4
8297	33	4
8298	33	4
8299	33	4
8300	33	4
8301	33	4
8302	33	4
8303	33	4
8304	33	4
8305	33	4
8306	33	4
8307	33	4
8308	33	4
8309	33	4
8310	33	4
8311	33	4
8312	33	4
8313	33	4
8314	33	4
8315	33	4
8316	33	4
8317	33	4
8318	33	4
8319	33	4
8320	33	4
8321	33	4
8322	33	4
8323	33	4
8324	33	4
8325	33	4
8326	33	4
8327	33	4
8328	33	4
8329	33	4
8330	33	4
8331	33	4
8332	33	4
8333	33	4
8334	33	4
8335	33	4
8336	33	4
8337	33	4
8338	33	4
8339	33	4
8340	33	4
8341	33	4
8342	33	4
8343	33	4
8344	33	4
8345	33	4
8346	33	4
8347	33	4
8348	33	4
8349	33	4
8350	33	4
8351	33	4
8352	33	4
8353	33	4
8354	33	4
8355	33	4
8356	33	4
8357	33	4
8358	33	4
8359	33	4
8360	33	4
8361	33	4
8362	33	4
8363	33	4
8364	33	4
8365	33	4
8366	33	4
8367	33	4
8368	33	4
8369	33	4
8370	33	4
8371	33	4
8372	33	4
8373	33	4
8374	33	4
8375	33	4
8376	33	4
8377	33	4
8378	33	4
8379	33	4
8380	33	4
8381	33	4
8382	33	4
8383	33	4
8384	33	4
8385	33	4
8386	33	4
8387	33	4
8388	33	4
8389	33	4
8390	33	4
8391	33	4
8392	33	4
8393	33	4
8394	33	4
8395	33	4
8396	33	4
8397	33	4
8398	33	4
8399	33	4
8400	33	4
8401	33	4
8402	33	4
8403	33	4
8404	33	4
8405	33	4
8406	33	4
8407	33	4
8408	33	4
8409	33	4
8410	33	4
8411	33	4
8412	33	4
8413	33	4
8414	33	4
8415	33	4
8416	33	4
8417	33	4
8418	33	4
8419	33	4
8420	33	4
8421	33	4
8422	33	4
8423	33	4
8424	33	4
8425	33	4
8426	33	4
8427	33	4
8428	33	4
8429	33	4
8430	33	4
8431	33	4
8432	33	4
8433	33	4
8434	33	4
8435	33	4
8436	33	4
8437	33	4
8438	33	4
8439	33	4
8440	33	4
8441	33	4
8442	33	4
8443	33	4
8444	33	4
8445	33	4
8446	33	4
8447	33	4
8448	33	4
8449	33	4
8450	33	4
8451	33	4
8452	33	4
8453	33	4
8454	33	4
8455	33	4
8456	33	4
8457	33	4
8458	33	4
8459	33	4
8460	33	4
8461	33	4
8462	33	4
8463	33	4
8464	33	4
8465	33	4
8466	33	4
8467	33	4
8468	33	4
8469	33	4
8470	33	4
8471	33	4
8472	33	4
8473	33	4
8474	33	4
8475	33	4
8476	33	4
8477	33	4
8478	33	4
8479	33	4
8480	33	4
8481	33	4
8482	33	4
8483	33	4
8484	33	4
8485	33	4
8486	33	4
8487	33	4
8488	33	4
8489	33	4
8490	33	4
8491	33	4
8492	33	4
8493	33	4
8494	33	4
8495	33	4
8496	33	4
8497	33	4
8498	33	4
8499	33	4
8500	33	4
8501	33	4
8502	33	4
8503	33	4
8504	33	4
8505	33	4
8506	33	4
8507	33	4
8508	33	4
8509	33	4
8510	33	4
8511	33	4
8512	33	4
8513	33	4
8514	33	4
8515	33	4
8516	33	4
8517	33	4
8518	33	4
8519	33	4
8520	33	4
8521	33	4
8522	33	4
8523	33	4
8524	33	4
8525	33	4
8526	33	4
8527	33	4
8528	33	4
8529	33	4
8530	33	4
8531	33	4
8532	33	4
8533	33	4
8534	33	4
8535	33	4
8536	33	4
8537	33	4
8538	33	4
8539	33	4
8540	33	4
8541	33	4
8542	33	4
8543	33	4
8544	33	4
8545	33	4
8546	33	4
8547	33	4
8548	33	4
8549	33	4
8550	33	4
8551	33	4
8552	33	4
8553	33	4
8554	33	4
8555	33	4
8556	33	4
8557	33	4
8558	33	4
8559	33	4
8560	33	4
8561	33	4
8562	33	4
8563	33	4
8564	33	4
8565	33	4
8566	33	4
8567	33	4
8568	33	4
8569	33	4
8570	33	4
8571	33	4
8572	33	4
8573	33	4
8574	33	4
8575	33	4
8576	33	4
8577	33	4
8578	33	4
8579	33	4
8580	33	4
8581	33	4
8582	33	4
8583	33	4
8584	33	4
8585	33	4
8586	33	4
8587	33	4
8588	33	4
8589	33	4
8590	33	5
8591	33	5
8592	33	5
8593	33	5
8594	33	5
8595	33	5
8596	33	5
8597	33	5
8598	33	5
8599	33	5
8600	33	5
8601	33	5
8602	33	5
8603	33	5
8604	33	5
8605	33	5
8606	33	5
8607	33	5
8608	33	5
8609	33	5
8610	33	5
8611	33	5
8612	33	5
8613	33	5
8614	33	5
8615	33	5
8616	33	4
8617	33	4
8618	33	4
8619	33	4
8620	33	4
8621	33	4
8622	33	4
8623	33	4
8624	33	4
8625	33	4
8626	33	4
8627	33	4
8628	33	4
8629	33	4
8630	33	4
8631	33	4
8632	33	4
8633	33	4
8634	33	4
8635	33	4
8636	33	4
8637	33	4
8638	33	4
8639	33	4
8640	33	4
8641	33	4
8642	33	4
8643	33	4
8644	33	4
8645	33	4
8646	33	4
8647	33	4
8648	33	4
8649	33	4
8650	33	4
8651	33	4
8652	33	4
8653	33	4
8654	33	4
8655	33	4
8656	33	4
8657	33	4
8658	33	4
8659	33	4
8660	33	4
8661	33	4
8662	33	4
8663	33	4
8664	33	4
8665	33	4
8666	33	4
8667	33	4
8668	33	4
8669	33	4
8670	33	4
8671	33	4
8672	33	4
8673	33	4
8674	33	4
8675	33	4
8676	33	4
8677	33	4
8678	33	4
8679	33	4
8680	33	4
8681	33	4
8682	33	4
8683	33	4
8684	33	4
8685	33	4
8686	33	4
8687	33	4
8688	33	4
8689	33	4
8690	33	4
8691	33	4
8692	33	4
8693	33	4
8694	33	4
8695	33	4
8696	33	4
8697	33	4
8698	33	4
8699	33	4
8700	33	4
8701	33	4
8702	33	4
8703	33	4
8704	33	4
8705	33	4
8706	33	4
8707	33	4
8708	33	4
8709	33	4
8710	33	4
8711	33	4
8712	33	4
8713	33	4
8714	33	4
8715	33	4
8716	33	4
8717	33	4
8718	33	4
8719	33	4
8720	33	4
8721	33	4
8722	33	4
8723	33	4
8724	33	4
8725	33	4
8726	33	4
8727	33	4
8728	33	4
8729	33	4
8730	33	4
8731	33	4
8732	33	4
8733	33	4
8734	33	4
8735	33	4
8736	33	4
8737	33	4
8738	33	4
8739	33	4
8740	33	4
8741	33	4
8742	33	4
8743	33	4
8744	33	4
8745	33	4
8746	33	4
8747	33	4
8748	33	4
8749	33	4
8750	33	4
8751	33	4
8752	33	4
8753	33	4
8754	33	4
8755	33	4
8756	33	4
8757	33	4
8758	33	4
8759	33	4
8760	33	4
8761	33	4
8762	33	4
8763	33	4
8764	33	4
8765	33	4
8766	33	5
