# Clock	In Chain	On Target
1	0	0
2	0	0
3	0	0
4	0	0
5	0	0
6	0	0
7	0	0
8	0	0
9	0	0
10	0	0
11	0	0
12	0	0
13	0	0
14	0	0
15	0	0
16	0	0
17	0	0
18	0	0
19	0	0
20	0	0
21	0	0
22	0	0
23	0	0
24	0	0
25	0	0
26	0	0
27	0	0
28	0	0
29	0	0
30	0	0
31	0	0
32	0	0
33	0	0
34	0	0
35	0	0
36	0	0
37	0	0
38	0	0
39	0	0
40	0	0
41	0	0
42	0	0
43	0	0
44	0	0
45	0	0
46	0	0
47	0	0
48	0	0
49	0	0
50	0	0
51	0	0
52	0	0
53	0	0
54	0	0
55	0	0
56	0	0
57	0	0
58	0	0
59	0	0
60	0	0
61	0	0
62	0	0
63	0	0
64	0	0
65	0	0
66	0	0
67	0	0
68	0	0
69	0	0
70	0	0
71	0	0
72	0	0
73	0	0
74	0	0
75	0	0
76	0	0
77	0	0
78	0	0
79	0	0
80	0	0
81	0	0
82	0	0
83	0	0
84	0	0
85	0	0
86	0	0
87	0	0
88	0	0
89	0	0
90	0	0
91	0	0
92	0	0
93	0	0
94	0	0
95	0	0
96	0	0
97	0	0
98	0	0
99	0	0
100	0	0
101	0	0
102	0	0
103	0	0
104	0	0
105	0	0
106	0	0
107	0	0
108	0	0
109	0	0
110	0	0
111	0	0
112	0	0
113	0	0
114	0	0
115	0	0
116	0	0
117	0	0
118	0	0
119	0	0
120	0	0
121	0	0
122	0	0
123	0	0
124	0	0
125	0	0
126	0	0
127	0	0
128	0	0
129	0	0
130	0	0
131	0	0
132	0	0
133	0	0
134	0	0
135	0	0
136	0	0
137	0	0
138	0	0
139	0	0
140	0	0
141	0	0
142	0	0
143	0	0
144	0	0
145	0	0
146	0	0
147	0	0
148	0	0
149	0	0
150	0	0
151	0	0
152	0	0
153	0	0
154	0	0
155	0	0
156	0	0
157	0	0
158	0	0
159	0	0
160	0	0
161	0	0
162	0	0
163	0	0
164	0	0
165	0	0
166	0	0
167	0	0
168	0	0
169	0	0
170	0	0
171	0	0
172	0	0
173	0	0
174	0	0
175	0	0
176	0	0
177	0	0
178	0	0
179	0	0
180	0	0
181	0	0
182	0	0
183	0	0
184	0	0
185	0	0
186	0	0
187	0	0
188	0	0
189	0	0
190	0	0
191	0	0
192	0	0
193	0	0
194	0	0
195	0	0
196	0	0
197	0	0
198	0	0
199	0	0
200	0	0
201	0	0
202	0	0
203	0	0
204	0	0
205	0	0
206	0	0
207	0	0
208	0	0
209	0	0
210	0	0
211	0	0
212	0	0
213	0	0
214	0	0
215	0	0
216	0	0
217	0	0
218	0	0
219	0	0
220	0	0
221	0	0
222	0	0
223	0	0
224	0	0
225	0	0
226	0	0
227	0	0
228	0	0
229	0	0
230	0	0
231	0	0
232	0	0
233	0	0
234	0	0
235	0	0
236	0	0
237	0	0
238	0	0
239	0	0
240	0	0
241	0	0
242	0	0
243	0	0
244	0	0
245	0	0
246	0	0
247	0	0
248	0	0
249	0	0
250	0	0
251	0	0
252	0	0
253	0	0
254	0	0
255	0	0
256	0	0
257	0	0
258	0	0
259	0	0
260	0	0
261	0	0
262	0	0
263	0	0
264	0	0
265	0	0
266	0	0
267	0	0
268	0	0
269	0	0
270	0	0
271	0	0
272	0	0
273	0	0
274	0	0
275	0	0
276	0	0
277	0	0
278	0	0
279	0	0
280	0	0
281	0	0
282	0	0
283	0	0
284	0	0
285	0	0
286	0	0
287	0	0
288	0	0
289	0	0
290	0	0
291	0	0
292	0	0
293	0	0
294	0	0
295	0	0
296	0	0
297	0	0
298	0	0
299	0	0
300	0	0
301	0	0
302	0	0
303	0	0
304	0	0
305	0	0
306	0	0
307	0	0
308	0	0
309	0	0
310	0	0
311	0	0
312	0	0
313	0	0
314	0	0
315	0	0
316	0	0
317	0	0
318	0	0
319	0	0
320	0	0
321	0	0
322	0	0
323	0	0
324	0	0
325	0	0
326	0	0
327	0	0
328	0	0
329	0	0
330	0	0
331	0	0
332	0	0
333	0	0
334	0	0
335	0	0
336	0	0
337	0	0
338	0	0
339	0	0
340	0	0
341	0	0
342	0	0
343	0	0
344	0	0
345	0	0
346	0	0
347	0	0
348	0	0
349	0	0
350	0	0
351	0	0
352	0	0
353	0	0
354	0	0
355	0	0
356	0	0
357	0	0
358	0	0
359	0	0
360	0	0
361	0	0
362	0	0
363	0	0
364	0	0
365	0	0
366	0	0
367	0	0
368	0	0
369	0	0
370	0	0
371	0	0
372	0	0
373	0	0
374	0	0
375	0	0
376	0	0
377	0	0
378	0	0
379	0	0
380	0	0
381	0	0
382	0	0
383	0	0
384	0	0
385	0	0
386	0	0
387	0	0
388	0	0
389	0	0
390	0	0
391	0	0
392	0	0
393	0	0
394	0	0
395	0	0
396	0	0
397	0	0
398	0	0
399	0	0
400	0	0
401	0	0
402	0	0
403	0	0
404	0	0
405	0	0
406	0	0
407	0	0
408	0	0
409	0	0
410	0	0
411	0	0
412	0	0
413	0	0
414	0	0
415	0	0
416	0	0
417	0	0
418	0	0
419	0	0
420	0	0
421	0	0
422	0	0
423	0	0
424	0	0
425	0	0
426	0	0
427	0	0
428	0	0
429	0	0
430	0	0
431	0	0
432	0	0
433	1	0
434	1	0
435	1	0
436	1	0
437	1	0
438	1	0
439	1	0
440	1	0
441	1	0
442	1	0
443	1	0
444	1	0
445	1	0
446	1	0
447	1	0
448	1	0
449	1	0
450	1	0
451	1	0
452	1	0
453	1	0
454	1	0
455	1	0
456	1	0
457	1	0
458	1	0
459	1	0
460	1	0
461	1	0
462	1	0
463	1	0
464	1	0
465	1	0
466	1	0
467	1	0
468	1	0
469	1	0
470	1	0
471	1	0
472	1	0
473	1	0
474	1	0
475	1	0
476	1	0
477	1	0
478	1	0
479	1	0
480	1	0
481	1	0
482	1	0
483	1	0
484	1	0
485	1	0
486	1	0
487	1	0
488	1	0
489	1	0
490	1	0
491	1	0
492	1	0
493	1	0
494	1	0
495	1	0
496	1	0
497	1	0
498	1	0
499	1	0
500	1	0
501	1	0
502	1	0
503	1	0
504	1	0
505	1	0
506	1	0
507	1	0
508	1	0
509	1	0
510	2	0
511	2	0
512	2	0
513	2	0
514	2	0
515	2	0
516	2	0
517	2	0
518	2	0
519	2	0
520	2	0
521	2	0
522	2	0
523	2	0
524	2	0
525	2	0
526	2	0
527	2	0
528	2	0
529	2	0
530	2	0
531	2	0
532	2	0
533	2	0
534	2	0
535	2	0
536	2	0
537	2	0
538	2	0
539	2	0
540	2	0
541	2	0
542	2	0
543	2	0
544	2	0
545	2	0
546	2	0
547	2	0
548	2	0
549	2	0
550	2	0
551	2	0
552	2	0
553	2	0
554	2	0
555	2	0
556	2	0
557	2	0
558	2	0
559	2	0
560	2	0
561	2	0
562	2	0
563	2	0
564	2	0
565	2	0
566	2	0
567	2	0
568	2	0
569	2	0
570	2	0
571	2	0
572	2	0
573	2	0
574	2	0
575	2	0
576	2	0
577	2	0
578	2	0
579	2	0
580	2	0
581	2	0
582	2	0
583	2	0
584	2	0
585	2	0
586	2	0
587	2	0
588	2	0
589	2	0
590	2	0
591	2	0
592	2	0
593	2	0
594	2	0
595	2	0
596	2	0
597	2	0
598	2	0
599	2	0
600	2	0
601	2	0
602	2	0
603	2	0
604	2	0
605	2	0
606	2	0
607	2	0
608	2	0
609	2	0
610	2	0
611	2	0
612	2	0
613	2	0
614	2	0
615	2	0
616	2	0
617	2	0
618	2	0
619	2	0
620	2	0
621	2	0
622	2	0
623	2	0
624	2	0
625	2	0
626	2	0
627	2	0
628	2	0
629	2	0
630	2	0
631	2	0
632	2	0
633	2	0
634	2	0
635	2	0
636	2	0
637	2	0
638	2	0
639	2	0
640	2	0
641	2	0
642	2	0
643	2	0
644	2	0
645	2	0
646	2	0
647	2	0
648	2	0
649	2	0
650	3	0
651	3	0
652	3	0
653	3	0
654	3	0
655	3	0
656	3	0
657	3	0
658	3	0
659	3	0
660	3	0
661	3	0
662	3	0
663	3	0
664	3	0
665	3	0
666	3	0
667	3	0
668	3	0
669	3	0
670	3	0
671	3	0
672	3	0
673	3	0
674	3	0
675	3	0
676	3	0
677	3	0
678	3	0
679	3	0
680	3	0
681	3	0
682	3	0
683	3	0
684	3	0
685	3	0
686	3	0
687	3	0
688	3	0
689	3	0
690	3	0
691	3	0
692	3	0
693	3	0
694	3	0
695	3	0
696	3	0
697	3	0
698	3	0
699	3	0
700	3	0
701	3	0
702	3	0
703	3	0
704	3	0
705	3	0
706	3	0
707	3	0
708	3	0
709	3	0
710	3	0
711	3	0
712	3	0
713	3	0
714	3	0
715	3	0
716	3	0
717	3	0
718	3	0
719	3	0
720	3	0
721	3	0
722	3	0
723	3	0
724	3	0
725	3	0
726	3	0
727	3	0
728	3	0
729	3	0
730	3	0
731	3	0
732	3	0
733	3	0
734	3	0
735	3	0
736	3	0
737	3	0
738	3	0
739	3	0
740	3	0
741	3	0
742	3	0
743	3	0
744	3	0
745	3	0
746	3	0
747	3	0
748	3	0
749	3	0
750	3	0
751	3	0
752	3	0
753	3	0
754	3	0
755	3	0
756	3	0
757	3	0
758	3	0
759	3	0
760	3	0
761	3	0
762	3	0
763	3	0
764	3	0
765	3	0
766	3	0
767	3	0
768	3	0
769	3	0
770	3	0
771	3	0
772	3	0
773	3	0
774	3	0
775	3	0
776	3	0
777	3	0
778	3	0
779	3	0
780	3	0
781	3	0
782	3	0
783	3	0
784	3	0
785	3	0
786	3	0
787	3	0
788	3	0
789	3	0
790	3	0
791	3	0
792	3	0
793	3	0
794	3	0
795	3	0
796	3	0
797	3	0
798	3	0
799	3	0
800	3	0
801	3	0
802	3	0
803	3	0
804	3	0
805	3	0
806	3	0
807	3	0
808	3	0
809	3	0
810	3	0
811	3	0
812	3	0
813	3	0
814	3	0
815	3	0
816	3	0
817	3	0
818	3	0
819	3	0
820	3	0
821	3	0
822	3	0
823	3	0
824	3	0
825	3	0
826	3	0
827	3	0
828	3	0
829	3	0
830	3	0
831	3	0
832	3	0
833	3	0
834	3	0
835	3	0
836	3	0
837	3	0
838	3	0
839	3	0
840	3	0
841	3	0
842	3	0
843	3	0
844	3	0
845	3	0
846	3	0
847	3	0
848	3	0
849	3	0
850	3	0
851	3	0
852	3	0
853	4	0
854	4	0
855	4	0
856	4	0
857	4	0
858	4	0
859	4	0
860	4	0
861	4	0
862	4	0
863	4	0
864	4	0
865	4	0
866	4	0
867	4	0
868	4	0
869	4	0
870	4	0
871	4	0
872	4	0
873	4	0
874	4	0
875	4	0
876	4	0
877	4	0
878	4	0
879	4	0
880	4	0
881	4	0
882	5	0
883	5	0
884	5	0
885	5	0
886	5	0
887	5	0
888	5	0
889	5	0
890	5	0
891	5	0
892	5	0
893	5	0
894	5	0
895	5	0
896	5	0
897	5	0
898	5	0
899	5	0
900	5	0
901	5	0
902	5	0
903	5	0
904	5	0
905	5	0
906	5	0
907	5	0
908	5	0
909	5	0
910	5	0
911	5	0
912	5	0
913	5	0
914	5	0
915	5	0
916	5	0
917	5	0
918	5	0
919	5	0
920	5	0
921	5	0
922	5	0
923	5	0
924	5	0
925	5	0
926	5	0
927	5	0
928	5	0
929	5	0
930	5	0
931	5	0
932	5	0
933	5	0
934	5	0
935	5	0
936	5	0
937	5	0
938	5	0
939	5	0
940	5	0
941	5	0
942	5	0
943	5	0
944	5	0
945	5	0
946	5	0
947	5	0
948	5	0
949	5	0
950	5	0
951	5	0
952	5	0
953	5	0
954	5	0
955	5	0
956	5	0
957	5	0
958	5	0
959	5	0
960	5	0
961	5	0
962	5	0
963	5	0
964	5	0
965	5	0
966	5	0
967	5	0
968	5	0
969	5	0
970	5	0
971	5	0
972	5	0
973	5	0
974	5	0
975	5	0
976	5	0
977	5	0
978	5	0
979	5	0
980	5	0
981	5	0
982	5	0
983	5	0
984	5	0
985	5	0
986	5	0
987	5	0
988	5	0
989	5	0
990	5	0
991	5	0
992	5	0
993	5	0
994	5	0
995	5	0
996	5	0
997	5	0
998	5	0
999	5	0
1000	5	0
1001	5	0
1002	5	0
1003	5	0
1004	5	0
1005	5	0
1006	5	0
1007	5	0
1008	5	0
1009	5	0
1010	5	0
1011	5	0
1012	5	0
1013	5	0
1014	5	0
1015	5	0
1016	5	0
1017	5	0
1018	5	0
1019	5	0
1020	5	0
1021	5	0
1022	5	0
1023	5	0
1024	5	0
1025	5	0
1026	5	0
1027	5	0
1028	5	0
1029	5	0
1030	5	0
1031	5	0
1032	5	0
1033	5	0
1034	5	0
1035	5	0
1036	5	0
1037	5	0
1038	5	0
1039	5	0
1040	5	0
1041	5	0
1042	5	0
1043	5	0
1044	5	0
1045	5	0
1046	5	0
1047	5	0
1048	5	0
1049	5	0
1050	5	0
1051	5	0
1052	5	0
1053	5	0
1054	5	0
1055	5	0
1056	5	0
1057	5	0
1058	5	0
1059	5	0
1060	5	0
1061	5	0
1062	5	0
1063	5	0
1064	5	0
1065	5	0
1066	5	0
1067	5	0
1068	5	0
1069	5	0
1070	5	0
1071	5	0
1072	5	0
1073	5	0
1074	5	0
1075	5	0
1076	5	0
1077	5	0
1078	5	0
1079	5	0
1080	5	0
1081	5	0
1082	5	0
1083	5	0
1084	5	0
1085	5	0
1086	5	0
1087	5	0
1088	5	0
1089	5	0
1090	5	0
1091	5	0
1092	5	0
1093	5	0
1094	5	0
1095	5	0
1096	5	0
1097	5	0
1098	5	0
1099	5	0
1100	5	0
1101	5	0
1102	5	0
1103	5	0
1104	5	0
1105	5	0
1106	5	0
1107	5	0
1108	5	0
1109	5	0
1110	5	0
1111	5	0
1112	5	0
1113	5	0
1114	5	0
1115	5	0
1116	5	0
1117	5	0
1118	5	0
1119	5	0
1120	5	0
1121	5	0
1122	5	0
1123	5	0
1124	5	0
1125	5	0
1126	5	0
1127	5	0
1128	5	0
1129	5	0
1130	5	0
1131	5	0
1132	5	0
1133	5	0
1134	5	0
1135	5	0
1136	5	0
1137	5	0
1138	5	0
1139	5	0
1140	5	0
1141	5	0
1142	5	0
1143	5	0
1144	5	0
1145	5	0
1146	5	0
1147	5	0
1148	5	0
1149	5	0
1150	5	0
1151	5	0
1152	5	0
1153	5	0
1154	5	0
1155	5	0
1156	5	0
1157	5	0
1158	5	0
1159	5	0
1160	5	0
1161	5	0
1162	5	0
1163	5	0
1164	5	0
1165	5	0
1166	5	0
1167	5	0
1168	5	0
1169	5	0
1170	5	0
1171	5	0
1172	5	0
1173	5	0
1174	5	0
1175	5	0
1176	5	0
1177	5	0
1178	5	0
1179	5	0
1180	5	0
1181	5	0
1182	5	0
1183	5	0
1184	5	0
1185	5	0
1186	5	0
1187	5	0
1188	5	0
1189	5	0
1190	5	0
1191	5	0
1192	5	0
1193	5	0
1194	5	0
1195	5	0
1196	5	0
1197	5	0
1198	5	0
1199	5	0
1200	5	0
1201	5	0
1202	5	0
1203	5	0
1204	5	0
1205	5	0
1206	5	0
1207	5	0
1208	5	0
1209	5	0
1210	5	0
1211	5	0
1212	5	0
1213	5	0
1214	5	0
1215	5	0
1216	5	0
1217	5	0
1218	5	0
1219	5	0
1220	5	0
1221	5	0
1222	5	0
1223	5	0
1224	5	0
1225	5	0
1226	5	0
1227	5	0
1228	5	0
1229	5	0
1230	5	0
1231	5	0
1232	5	0
1233	5	0
1234	5	0
1235	5	0
1236	5	0
1237	5	0
1238	5	0
1239	5	0
1240	5	0
1241	5	0
1242	5	0
1243	5	0
1244	5	0
1245	5	0
1246	5	0
1247	5	0
1248	5	0
1249	5	0
1250	5	0
1251	5	0
1252	5	0
1253	5	0
1254	5	0
1255	5	0
1256	5	0
1257	5	0
1258	5	0
1259	5	0
1260	5	0
1261	5	0
1262	5	0
1263	5	0
1264	5	0
1265	5	0
1266	5	0
1267	5	0
1268	5	0
1269	5	0
1270	5	0
1271	5	0
1272	5	0
1273	5	0
1274	5	0
1275	5	0
1276	5	0
1277	5	0
1278	5	0
1279	5	0
1280	5	0
1281	5	0
1282	5	0
1283	5	0
1284	5	0
1285	5	0
1286	5	0
1287	5	0
1288	5	0
1289	5	0
1290	5	0
1291	5	0
1292	5	0
1293	5	0
1294	5	0
1295	5	0
1296	5	0
1297	5	0
1298	5	0
1299	5	0
1300	5	0
1301	5	0
1302	5	0
1303	5	0
1304	5	0
1305	5	0
1306	5	0
1307	5	0
1308	5	0
1309	5	0
1310	5	0
1311	5	0
1312	5	0
1313	5	0
1314	5	0
1315	5	0
1316	5	0
1317	5	0
1318	5	0
1319	5	0
1320	5	0
1321	5	0
1322	5	0
1323	5	0
1324	5	0
1325	5	0
1326	5	0
1327	5	0
1328	5	0
1329	5	0
1330	5	0
1331	5	0
1332	5	0
1333	5	0
1334	5	0
1335	5	0
1336	5	0
1337	5	0
1338	5	0
1339	5	0
1340	5	0
1341	5	0
1342	5	0
1343	5	0
1344	5	0
1345	5	0
1346	5	0
1347	5	0
1348	5	0
1349	5	0
1350	5	0
1351	5	0
1352	5	0
1353	5	0
1354	5	0
1355	5	0
1356	5	0
1357	5	0
1358	5	0
1359	5	0
1360	5	0
1361	5	0
1362	5	0
1363	5	0
1364	5	0
1365	5	0
1366	5	0
1367	5	0
1368	5	0
1369	5	0
1370	5	0
1371	5	0
1372	5	0
1373	5	0
1374	5	0
1375	5	0
1376	5	0
1377	5	0
1378	5	0
1379	5	0
1380	5	0
1381	5	0
1382	5	0
1383	5	0
1384	5	0
1385	5	0
1386	5	0
1387	5	0
1388	5	0
1389	5	0
1390	5	0
1391	5	0
1392	5	0
1393	5	0
1394	5	0
1395	5	0
1396	5	0
1397	5	0
1398	5	0
1399	5	0
1400	5	0
1401	5	0
1402	5	0
1403	5	0
1404	5	0
1405	5	0
1406	5	0
1407	5	0
1408	5	0
1409	5	0
1410	5	0
1411	5	0
1412	5	0
1413	5	0
1414	5	0
1415	5	0
1416	5	0
1417	5	0
1418	5	0
1419	5	0
1420	5	0
1421	5	0
1422	5	0
1423	5	0
1424	6	0
1425	6	0
1426	6	0
1427	6	0
1428	6	0
1429	6	0
1430	6	0
1431	6	0
1432	6	0
1433	6	0
1434	6	0
1435	6	0
1436	6	0
1437	6	0
1438	6	0
1439	6	0
1440	6	0
1441	6	0
1442	6	0
1443	6	0
1444	6	0
1445	6	0
1446	6	0
1447	6	0
1448	6	0
1449	6	0
1450	6	0
1451	6	0
1452	6	0
1453	6	0
1454	6	0
1455	6	0
1456	6	0
1457	6	0
1458	6	0
1459	6	0
1460	6	0
1461	6	0
1462	6	0
1463	6	0
1464	6	0
1465	6	0
1466	6	0
1467	6	0
1468	6	0
1469	6	0
1470	6	0
1471	6	0
1472	6	0
1473	6	0
1474	6	0
1475	6	0
1476	6	0
1477	6	0
1478	6	0
1479	6	0
1480	6	0
1481	6	0
1482	6	0
1483	6	0
1484	6	0
1485	6	0
1486	6	0
1487	6	0
1488	6	0
1489	6	0
1490	6	0
1491	6	0
1492	6	0
1493	6	0
1494	6	0
1495	6	0
1496	6	0
1497	6	0
1498	6	0
1499	6	0
1500	6	0
1501	6	0
1502	6	0
1503	6	0
1504	6	0
1505	6	0
1506	6	0
1507	6	0
1508	6	0
1509	6	0
1510	6	0
1511	6	0
1512	6	0
1513	6	0
1514	6	0
1515	6	0
1516	6	0
1517	6	0
1518	6	0
1519	6	0
1520	6	0
1521	6	0
1522	6	0
1523	6	0
1524	6	0
1525	6	0
1526	6	0
1527	6	0
1528	6	0
1529	6	0
1530	6	0
1531	6	0
1532	6	0
1533	6	0
1534	6	0
1535	6	0
1536	6	0
1537	6	0
1538	6	0
1539	6	0
1540	6	0
1541	6	0
1542	6	0
1543	6	0
1544	6	0
1545	6	0
1546	6	0
1547	6	0
1548	6	0
1549	6	0
1550	6	0
1551	6	0
1552	6	0
1553	6	0
1554	6	0
1555	6	0
1556	6	0
1557	6	0
1558	6	0
1559	6	0
1560	6	0
1561	6	0
1562	6	0
1563	6	0
1564	6	0
1565	6	0
1566	6	0
1567	6	0
1568	6	0
1569	6	0
1570	6	0
1571	6	0
1572	6	0
1573	6	0
1574	6	0
1575	6	0
1576	6	0
1577	6	0
1578	6	0
1579	6	0
1580	6	0
1581	6	0
1582	6	0
1583	6	0
1584	6	0
1585	6	0
1586	6	0
1587	6	0
1588	6	0
1589	6	0
1590	6	0
1591	6	0
1592	6	0
1593	6	0
1594	6	0
1595	6	0
1596	6	0
1597	6	0
1598	6	0
1599	6	0
1600	6	0
1601	6	0
1602	6	0
1603	6	0
1604	6	0
1605	6	0
1606	6	0
1607	6	0
1608	6	0
1609	6	0
1610	6	0
1611	6	0
1612	6	0
1613	6	0
1614	6	0
1615	6	0
1616	6	0
1617	6	0
1618	6	0
1619	6	0
1620	6	0
1621	6	0
1622	6	0
1623	6	0
1624	6	0
1625	6	0
1626	6	0
1627	6	0
1628	6	0
1629	6	0
1630	6	0
1631	6	0
1632	6	0
1633	6	0
1634	6	0
1635	6	0
1636	6	0
1637	6	0
1638	6	0
1639	6	0
1640	6	0
1641	6	0
1642	6	0
1643	6	0
1644	6	0
1645	6	0
1646	6	0
1647	6	0
1648	6	0
1649	6	0
1650	6	0
1651	6	0
1652	6	0
1653	6	0
1654	6	0
1655	6	0
1656	6	0
1657	6	0
1658	6	0
1659	6	0
1660	6	0
1661	6	0
1662	6	0
1663	6	0
1664	6	0
1665	6	0
1666	6	0
1667	6	0
1668	6	0
1669	6	0
1670	6	0
1671	6	0
1672	6	0
1673	6	0
1674	6	0
1675	6	0
1676	6	0
1677	6	0
1678	6	0
1679	6	0
1680	6	0
1681	6	0
1682	6	0
1683	6	0
1684	6	0
1685	6	0
1686	6	0
1687	6	0
1688	6	0
1689	6	0
1690	6	0
1691	6	0
1692	6	0
1693	6	0
1694	6	0
1695	6	0
1696	6	0
1697	6	0
1698	6	0
1699	6	0
1700	6	0
1701	6	0
1702	6	0
1703	6	0
1704	6	0
1705	6	0
1706	6	0
1707	6	0
1708	6	0
1709	6	0
1710	6	0
1711	6	0
1712	6	0
1713	6	0
1714	6	0
1715	6	0
1716	6	0
1717	6	0
1718	6	0
1719	6	0
1720	6	0
1721	6	0
1722	6	0
1723	6	0
1724	6	0
1725	6	0
1726	6	0
1727	6	0
1728	6	0
1729	6	0
1730	6	0
1731	6	0
1732	6	0
1733	6	0
1734	6	0
1735	6	0
1736	6	0
1737	6	0
1738	6	0
1739	6	0
1740	6	0
1741	6	0
1742	6	0
1743	6	0
1744	6	0
1745	6	0
1746	6	0
1747	6	0
1748	6	0
1749	6	0
1750	6	0
1751	6	0
1752	6	0
1753	6	0
1754	6	0
1755	6	0
1756	6	0
1757	6	0
1758	6	0
1759	6	0
1760	6	0
1761	6	0
1762	6	0
1763	6	0
1764	6	0
1765	6	0
1766	6	0
1767	6	0
1768	6	0
1769	6	0
1770	6	0
1771	6	0
1772	6	0
1773	6	0
1774	6	0
1775	6	0
1776	6	0
1777	6	0
1778	6	0
1779	6	0
1780	6	0
1781	6	0
1782	6	0
1783	6	0
1784	6	0
1785	6	0
1786	6	0
1787	6	0
1788	6	0
1789	6	0
1790	6	0
1791	6	0
1792	6	0
1793	6	0
1794	6	0
1795	6	0
1796	6	0
1797	6	0
1798	6	0
1799	6	0
1800	6	0
1801	6	0
1802	6	0
1803	6	0
1804	6	0
1805	6	0
1806	6	0
1807	6	0
1808	6	0
1809	6	0
1810	6	0
1811	6	0
1812	6	0
1813	6	0
1814	6	0
1815	6	0
1816	6	0
1817	6	0
1818	6	0
1819	6	0
1820	6	0
1821	6	0
1822	6	0
1823	6	0
1824	6	0
1825	6	0
1826	6	0
1827	6	0
1828	6	0
1829	6	0
1830	6	0
1831	6	0
1832	6	0
1833	6	0
1834	6	0
1835	6	0
1836	6	0
1837	6	0
1838	6	0
1839	6	0
1840	6	0
1841	6	0
1842	6	0
1843	6	0
1844	6	0
1845	6	0
1846	6	0
1847	6	0
1848	6	0
1849	6	0
1850	6	0
1851	6	0
1852	6	0
1853	6	0
1854	6	0
1855	6	0
1856	6	0
1857	6	0
1858	6	0
1859	6	0
1860	6	0
1861	6	0
1862	7	0
1863	7	0
1864	7	0
1865	7	0
1866	7	0
1867	7	0
1868	7	0
1869	7	0
1870	7	0
1871	7	0
1872	7	0
1873	7	0
1874	7	0
1875	7	0
1876	7	0
1877	7	0
1878	8	0
1879	8	0
1880	8	0
1881	8	0
1882	8	0
1883	8	0
1884	8	0
1885	8	0
1886	8	0
1887	8	0
1888	8	0
1889	8	0
1890	8	0
1891	8	0
1892	8	0
1893	8	0
1894	8	0
1895	8	0
1896	8	0
1897	8	0
1898	8	0
1899	8	0
1900	8	0
1901	8	0
1902	8	0
1903	8	0
1904	8	0
1905	8	0
1906	8	0
1907	8	0
1908	8	0
1909	8	0
1910	8	0
1911	8	0
1912	8	0
1913	8	0
1914	8	0
1915	8	0
1916	8	0
1917	8	0
1918	8	0
1919	8	0
1920	8	0
1921	8	0
1922	8	0
1923	8	0
1924	8	0
1925	8	0
1926	8	0
1927	8	0
1928	8	0
1929	8	0
1930	8	0
1931	8	0
1932	8	0
1933	8	0
1934	8	0
1935	8	0
1936	8	0
1937	8	0
1938	8	0
1939	8	0
1940	8	0
1941	8	0
1942	8	0
1943	8	0
1944	8	0
1945	8	0
1946	8	0
1947	8	0
1948	8	0
1949	8	0
1950	8	0
1951	8	0
1952	8	0
1953	8	0
1954	8	0
1955	8	0
1956	8	0
1957	8	0
1958	8	0
1959	8	0
1960	8	0
1961	8	0
1962	8	0
1963	8	0
1964	8	0
1965	8	0
1966	8	0
1967	8	0
1968	8	0
1969	8	0
1970	8	0
1971	8	0
1972	8	0
1973	8	0
1974	8	0
1975	8	0
1976	8	0
1977	8	0
1978	8	0
1979	8	0
1980	8	0
1981	8	0
1982	8	0
1983	8	0
1984	8	0
1985	8	0
1986	8	0
1987	8	0
1988	8	0
1989	8	0
1990	8	0
1991	8	0
1992	8	0
1993	8	0
1994	8	0
1995	8	0
1996	8	0
1997	9	0
1998	9	0
1999	9	0
2000	9	0
2001	9	0
2002	9	0
2003	9	0
2004	9	0
2005	9	0
2006	9	0
2007	10	0
2008	10	0
2009	10	0
2010	10	0
2011	10	0
2012	10	0
2013	10	0
2014	10	0
2015	10	0
2016	10	0
2017	10	0
2018	10	0
2019	10	0
2020	10	0
2021	10	0
2022	10	0
2023	10	0
2024	10	0
2025	10	0
2026	10	0
2027	10	0
2028	10	0
2029	10	0
2030	10	0
2031	10	0
2032	10	0
2033	10	0
2034	10	0
2035	10	0
2036	10	0
2037	10	0
2038	10	0
2039	10	0
2040	10	0
2041	10	0
2042	10	0
2043	10	0
2044	10	0
2045	10	0
2046	10	0
2047	10	0
2048	10	0
2049	10	0
2050	10	0
2051	10	0
2052	10	0
2053	10	0
2054	10	0
2055	10	0
2056	10	0
2057	10	0
2058	10	0
2059	10	0
2060	10	0
2061	10	0
2062	10	0
2063	10	0
2064	10	0
2065	10	0
2066	10	0
2067	10	0
2068	10	0
2069	10	0
2070	10	0
2071	10	0
2072	10	0
2073	10	0
2074	10	0
2075	10	0
2076	10	0
2077	10	0
2078	10	0
2079	10	0
2080	10	0
2081	10	0
2082	10	0
2083	10	0
2084	10	0
2085	10	0
2086	10	0
2087	10	0
2088	10	0
2089	10	0
2090	10	0
2091	10	0
2092	10	0
2093	10	0
2094	10	0
2095	10	0
2096	10	0
2097	10	0
2098	10	0
2099	10	0
2100	10	0
2101	10	0
2102	10	0
2103	10	0
2104	10	0
2105	10	0
2106	10	0
2107	10	0
2108	10	0
2109	10	0
2110	10	0
2111	10	0
2112	10	0
2113	10	0
2114	10	0
2115	10	0
2116	10	0
2117	10	0
2118	10	0
2119	10	0
2120	10	0
2121	10	0
2122	10	0
2123	10	0
2124	10	0
2125	10	0
2126	10	0
2127	10	0
2128	10	0
2129	10	0
2130	10	0
2131	10	0
2132	10	0
2133	10	0
2134	10	0
2135	10	0
2136	10	0
2137	10	0
2138	10	0
2139	10	0
2140	10	0
2141	10	0
2142	10	0
2143	10	0
2144	10	0
2145	10	0
2146	10	0
2147	10	0
2148	10	0
2149	10	0
2150	10	0
2151	10	0
2152	10	0
2153	10	0
2154	10	0
2155	10	0
2156	10	0
2157	10	0
2158	10	0
2159	10	0
2160	10	0
2161	10	0
2162	10	0
2163	10	0
2164	10	0
2165	10	0
2166	10	0
2167	10	0
2168	10	0
2169	10	0
2170	10	0
2171	10	0
2172	10	0
2173	10	0
2174	10	0
2175	10	0
2176	10	0
2177	10	0
2178	10	0
2179	10	0
2180	10	0
2181	10	0
2182	10	0
2183	10	0
2184	10	0
2185	10	0
2186	10	0
2187	10	0
2188	10	0
2189	10	0
2190	10	0
2191	10	0
2192	10	0
2193	10	0
2194	10	0
2195	10	0
2196	10	0
2197	10	0
2198	10	0
2199	10	0
2200	10	0
2201	10	0
2202	10	0
2203	10	0
2204	10	0
2205	10	0
2206	10	0
2207	10	0
2208	10	0
2209	10	0
2210	10	0
2211	10	0
2212	10	0
2213	10	0
2214	10	0
2215	10	0
2216	10	0
2217	10	0
2218	10	0
2219	10	0
2220	10	0
2221	10	0
2222	10	0
2223	10	0
2224	10	0
2225	10	0
2226	10	0
2227	10	0
2228	10	0
2229	10	0
2230	10	0
2231	10	0
2232	10	0
2233	10	0
2234	10	0
2235	10	0
2236	10	0
2237	10	0
2238	10	0
2239	10	0
2240	10	0
2241	10	0
2242	10	0
2243	10	0
2244	10	0
2245	10	0
2246	10	0
2247	10	0
2248	10	0
2249	10	0
2250	10	0
2251	10	0
2252	10	0
2253	10	0
2254	10	0
2255	10	0
2256	10	0
2257	10	0
2258	10	0
2259	10	0
2260	10	0
2261	10	0
2262	10	0
2263	10	0
2264	10	0
2265	10	0
2266	10	0
2267	10	0
2268	10	0
2269	10	0
2270	10	0
2271	10	0
2272	10	0
2273	10	0
2274	10	0
2275	10	0
2276	10	0
2277	10	0
2278	10	0
2279	10	0
2280	10	0
2281	10	0
2282	10	0
2283	10	0
2284	10	0
2285	10	0
2286	10	0
2287	10	0
2288	10	0
2289	10	0
2290	10	0
2291	10	0
2292	10	0
2293	10	0
2294	10	0
2295	10	0
2296	10	0
2297	10	0
2298	10	0
2299	10	0
2300	10	0
2301	10	0
2302	10	0
2303	10	0
2304	10	0
2305	10	0
2306	10	0
2307	10	0
2308	10	0
2309	10	0
2310	10	0
2311	10	0
2312	10	0
2313	10	0
2314	10	0
2315	10	0
2316	10	0
2317	10	0
2318	10	0
2319	10	0
2320	10	0
2321	10	0
2322	10	0
2323	10	0
2324	10	0
2325	10	0
2326	10	0
2327	10	0
2328	10	0
2329	10	0
2330	10	0
2331	10	0
2332	10	0
2333	10	0
2334	10	0
2335	10	0
2336	10	0
2337	10	0
2338	10	0
2339	10	0
2340	10	0
2341	10	0
2342	10	0
2343	10	0
2344	10	0
2345	10	0
2346	10	0
2347	10	0
2348	10	0
2349	10	0
2350	10	0
2351	10	0
2352	10	0
2353	10	0
2354	10	0
2355	10	0
2356	10	0
2357	10	0
2358	10	0
2359	10	0
2360	10	0
2361	10	0
2362	10	0
2363	10	0
2364	10	0
2365	10	0
2366	10	0
2367	10	0
2368	10	0
2369	10	0
2370	10	0
2371	10	0
2372	10	0
2373	10	0
2374	10	0
2375	10	0
2376	10	0
2377	10	0
2378	10	0
2379	10	0
2380	10	0
2381	10	0
2382	10	0
2383	11	0
2384	12	0
2385	12	0
2386	12	0
2387	12	0
2388	12	0
2389	12	0
2390	12	0
2391	12	0
2392	12	0
2393	12	0
2394	12	0
2395	12	0
2396	12	0
2397	12	0
2398	12	0
2399	12	0
2400	12	0
2401	12	0
2402	12	0
2403	12	0
2404	12	0
2405	12	0
2406	12	0
2407	12	0
2408	12	0
2409	12	0
2410	12	0
2411	12	0
2412	12	0
2413	12	0
2414	12	0
2415	12	0
2416	12	0
2417	12	0
2418	12	0
2419	12	0
2420	12	0
2421	12	0
2422	12	0
2423	12	0
2424	12	0
2425	12	0
2426	12	0
2427	12	0
2428	12	0
2429	12	0
2430	12	0
2431	12	0
2432	12	0
2433	12	0
2434	12	0
2435	12	0
2436	12	0
2437	12	0
2438	12	0
2439	12	0
2440	12	0
2441	13	0
2442	13	0
2443	13	0
2444	13	0
2445	13	0
2446	13	0
2447	13	0
2448	13	0
2449	13	0
2450	13	0
2451	13	0
2452	13	0
2453	13	0
2454	13	0
2455	13	0
2456	13	0
2457	13	0
2458	13	0
2459	13	0
2460	13	0
2461	13	0
2462	13	0
2463	13	0
2464	13	0
2465	13	0
2466	13	0
2467	13	0
2468	13	0
2469	13	0
2470	13	0
2471	13	0
2472	13	0
2473	13	0
2474	13	0
2475	13	0
2476	13	0
2477	13	0
2478	13	0
2479	13	0
2480	13	0
2481	13	0
2482	13	0
2483	13	0
2484	13	0
2485	13	0
2486	13	0
2487	13	0
2488	13	0
2489	13	0
2490	13	0
2491	13	0
2492	13	0
2493	13	0
2494	13	0
2495	13	0
2496	13	0
2497	13	0
2498	13	0
2499	13	0
2500	13	0
2501	13	0
2502	13	0
2503	13	0
2504	13	0
2505	13	0
2506	13	0
2507	13	0
2508	13	0
2509	13	0
2510	13	0
2511	13	0
2512	13	0
2513	13	0
2514	13	0
2515	13	0
2516	13	0
2517	13	0
2518	13	0
2519	13	0
2520	13	0
2521	13	0
2522	13	0
2523	13	0
2524	13	0
2525	13	0
2526	13	0
2527	13	0
2528	13	0
2529	13	0
2530	13	0
2531	13	0
2532	13	0
2533	13	0
2534	13	0
2535	13	0
2536	13	0
2537	13	0
2538	13	0
2539	13	0
2540	13	0
2541	13	0
2542	13	0
2543	13	0
2544	13	0
2545	13	0
2546	13	0
2547	13	0
2548	13	0
2549	13	0
2550	13	0
2551	13	0
2552	13	0
2553	13	0
2554	13	0
2555	13	0
2556	13	0
2557	13	0
2558	13	0
2559	13	0
2560	13	0
2561	13	0
2562	13	0
2563	13	0
2564	13	0
2565	13	0
2566	13	0
2567	13	0
2568	13	0
2569	14	0
2570	15	0
2571	15	0
2572	15	0
2573	15	0
2574	15	0
2575	15	0
2576	15	0
2577	15	0
2578	15	0
2579	15	0
2580	15	0
2581	15	0
2582	15	0
2583	15	0
2584	15	0
2585	15	0
2586	15	0
2587	15	0
2588	15	0
2589	15	0
2590	15	0
2591	15	0
2592	15	0
2593	15	0
2594	15	0
2595	15	0
2596	15	0
2597	15	0
2598	15	0
2599	15	0
2600	15	0
2601	15	0
2602	15	0
2603	15	0
2604	15	0
2605	15	0
2606	15	0
2607	15	0
2608	15	0
2609	15	0
2610	15	0
2611	15	0
2612	15	0
2613	15	0
2614	15	0
2615	15	0
2616	15	0
2617	15	0
2618	15	0
2619	15	0
2620	15	0
2621	15	0
2622	15	0
2623	15	0
2624	15	0
2625	15	0
2626	15	0
2627	15	0
2628	15	0
2629	15	0
2630	15	0
2631	15	0
2632	15	0
2633	15	0
2634	15	0
2635	15	0
2636	15	0
2637	15	0
2638	15	0
2639	15	0
2640	15	0
2641	15	0
2642	15	0
2643	15	0
2644	15	0
2645	15	0
2646	15	0
2647	15	0
2648	15	0
2649	15	0
2650	15	0
2651	15	0
2652	15	0
2653	15	0
2654	15	0
2655	15	0
2656	15	0
2657	15	0
2658	15	0
2659	15	0
2660	15	0
2661	15	0
2662	15	0
2663	15	0
2664	15	0
2665	15	0
2666	15	0
2667	15	0
2668	15	0
2669	15	0
2670	15	0
2671	15	0
2672	15	0
2673	15	0
2674	15	0
2675	15	0
2676	15	0
2677	15	0
2678	15	0
2679	15	0
2680	15	0
2681	15	0
2682	15	0
2683	15	0
2684	15	0
2685	15	0
2686	15	0
2687	15	0
2688	15	0
2689	15	0
2690	15	0
2691	15	0
2692	15	0
2693	15	0
2694	15	0
2695	15	0
2696	15	0
2697	15	0
2698	15	0
2699	15	0
2700	15	0
2701	15	0
2702	15	0
2703	15	0
2704	15	0
2705	15	0
2706	15	0
2707	15	0
2708	15	0
2709	15	0
2710	15	0
2711	15	0
2712	15	0
2713	15	0
2714	15	0
2715	15	0
2716	15	0
2717	15	0
2718	15	0
2719	15	0
2720	15	0
2721	15	0
2722	15	0
2723	15	0
2724	15	0
2725	15	0
2726	15	0
2727	15	0
2728	15	0
2729	15	0
2730	15	0
2731	15	0
2732	15	0
2733	15	0
2734	15	0
2735	15	0
2736	15	0
2737	15	0
2738	15	0
2739	15	0
2740	15	0
2741	15	0
2742	15	0
2743	15	0
2744	15	0
2745	15	0
2746	15	0
2747	15	0
2748	15	0
2749	15	0
2750	15	0
2751	15	0
2752	15	0
2753	15	0
2754	15	0
2755	15	0
2756	15	0
2757	15	0
2758	15	0
2759	15	0
2760	15	0
2761	15	0
2762	15	0
2763	15	0
2764	15	0
2765	15	0
2766	15	0
2767	15	0
2768	15	0
2769	15	0
2770	15	0
2771	15	0
2772	15	0
2773	15	0
2774	15	0
2775	15	0
2776	15	0
2777	15	0
2778	15	0
2779	15	0
2780	15	0
2781	15	0
2782	15	0
2783	15	0
2784	15	0
2785	15	0
2786	15	0
2787	15	0
2788	15	0
2789	15	0
2790	15	0
2791	15	0
2792	15	0
2793	15	0
2794	15	0
2795	15	0
2796	15	0
2797	15	0
2798	15	0
2799	15	0
2800	15	0
2801	15	0
2802	15	0
2803	15	0
2804	15	0
2805	15	0
2806	15	0
2807	15	0
2808	15	0
2809	15	0
2810	15	0
2811	15	0
2812	15	0
2813	15	0
2814	15	0
2815	15	0
2816	15	0
2817	15	0
2818	15	0
2819	15	0
2820	15	0
2821	15	0
2822	15	0
2823	15	0
2824	15	0
2825	15	0
2826	15	0
2827	15	0
2828	15	0
2829	15	0
2830	15	0
2831	15	0
2832	15	0
2833	15	0
2834	15	0
2835	15	0
2836	15	0
2837	15	0
2838	15	0
2839	15	0
2840	15	0
2841	15	0
2842	16	0
2843	16	0
2844	16	0
2845	16	0
2846	16	0
2847	16	0
2848	16	0
2849	16	0
2850	16	0
2851	16	0
2852	16	0
2853	16	0
2854	16	0
2855	16	0
2856	16	0
2857	16	0
2858	16	0
2859	16	0
2860	16	0
2861	16	0
2862	16	0
2863	16	0
2864	16	0
2865	16	0
2866	16	0
2867	16	0
2868	16	0
2869	16	0
2870	16	0
2871	16	0
2872	16	0
2873	16	0
2874	16	0
2875	16	0
2876	16	0
2877	16	0
2878	16	0
2879	16	0
2880	16	0
2881	16	0
2882	16	0
2883	16	0
2884	16	0
2885	16	0
2886	16	0
2887	16	0
2888	16	0
2889	16	0
2890	16	0
2891	16	0
2892	16	0
2893	16	0
2894	16	0
2895	16	0
2896	16	0
2897	16	0
2898	16	0
2899	16	0
2900	16	0
2901	16	0
2902	16	0
2903	16	0
2904	16	0
2905	16	0
2906	16	0
2907	16	0
2908	16	0
2909	16	0
2910	16	0
2911	16	0
2912	16	0
2913	16	0
2914	16	0
2915	16	0
2916	16	0
2917	16	0
2918	16	0
2919	16	0
2920	16	0
2921	16	0
2922	16	0
2923	16	0
2924	16	0
2925	16	0
2926	16	0
2927	16	0
2928	16	0
2929	16	0
2930	16	0
2931	16	0
2932	16	0
2933	16	0
2934	16	0
2935	16	0
2936	16	0
2937	16	0
2938	16	0
2939	16	0
2940	16	0
2941	16	0
2942	16	0
2943	16	0
2944	16	0
2945	16	0
2946	16	0
2947	16	0
2948	16	0
2949	16	0
2950	16	0
2951	16	0
2952	16	0
2953	17	0
2954	17	0
2955	17	0
2956	17	0
2957	17	0
2958	17	0
2959	17	0
2960	17	0
2961	17	0
2962	17	0
2963	17	0
2964	17	0
2965	17	0
2966	17	0
2967	17	0
2968	17	0
2969	17	0
2970	17	0
2971	17	0
2972	17	0
2973	17	0
2974	17	0
2975	17	0
2976	17	0
2977	17	0
2978	18	0
2979	18	0
2980	18	0
2981	18	0
2982	18	0
2983	18	0
2984	18	0
2985	18	0
2986	18	0
2987	18	0
2988	18	0
2989	18	0
2990	18	0
2991	18	0
2992	18	0
2993	18	0
2994	18	0
2995	18	0
2996	18	0
2997	18	0
2998	18	0
2999	18	0
3000	18	0
3001	18	0
3002	18	0
3003	18	0
3004	18	0
3005	18	0
3006	18	0
3007	18	0
3008	18	0
3009	18	0
3010	18	0
3011	18	0
3012	18	0
3013	18	0
3014	18	0
3015	18	0
3016	18	0
3017	18	0
3018	18	0
3019	18	0
3020	18	0
3021	18	0
3022	18	0
3023	18	0
3024	18	0
3025	18	0
3026	18	0
3027	18	0
3028	18	0
3029	18	0
3030	18	0
3031	18	0
3032	18	0
3033	18	0
3034	18	0
3035	18	0
3036	18	0
3037	18	0
3038	18	0
3039	18	0
3040	18	0
3041	18	0
3042	18	0
3043	18	0
3044	18	0
3045	18	0
3046	18	0
3047	18	0
3048	18	0
3049	18	0
3050	18	0
3051	18	0
3052	18	0
3053	18	0
3054	18	0
3055	18	0
3056	18	0
3057	18	0
3058	19	0
3059	19	0
3060	19	0
3061	19	0
3062	19	0
3063	19	0
3064	19	0
3065	19	0
3066	19	0
3067	19	0
3068	19	0
3069	19	0
3070	19	0
3071	19	0
3072	19	0
3073	19	0
3074	19	0
3075	19	0
3076	19	0
3077	19	0
3078	19	0
3079	19	0
3080	19	0
3081	19	0
3082	19	0
3083	19	0
3084	19	0
3085	19	0
3086	19	0
3087	19	0
3088	19	0
3089	19	0
3090	19	0
3091	19	0
3092	19	0
3093	19	0
3094	19	0
3095	19	0
3096	19	0
3097	19	0
3098	19	0
3099	19	0
3100	19	0
3101	19	0
3102	19	0
3103	19	0
3104	19	0
3105	19	0
3106	19	0
3107	19	0
3108	19	0
3109	19	0
3110	19	0
3111	19	0
3112	19	0
3113	19	0
3114	19	0
3115	19	0
3116	19	0
3117	19	0
3118	19	0
3119	19	0
3120	19	0
3121	19	0
3122	19	0
3123	19	0
3124	19	0
3125	19	0
3126	19	0
3127	19	0
3128	19	0
3129	19	0
3130	19	0
3131	19	0
3132	19	0
3133	19	0
3134	19	0
3135	19	0
3136	19	0
3137	19	0
3138	19	0
3139	19	0
3140	19	0
3141	19	0
3142	19	0
3143	19	0
3144	19	0
3145	19	0
3146	19	0
3147	19	0
3148	19	0
3149	19	0
3150	19	0
3151	19	0
3152	19	0
3153	20	0
3154	20	0
3155	20	0
3156	20	0
3157	20	0
3158	20	0
3159	20	0
3160	20	0
3161	20	0
3162	20	0
3163	20	0
3164	20	0
3165	20	0
3166	20	0
3167	20	0
3168	20	0
3169	20	0
3170	20	0
3171	20	0
3172	20	0
3173	20	0
3174	20	0
3175	20	0
3176	20	0
3177	20	0
3178	20	0
3179	20	0
3180	20	0
3181	20	0
3182	20	0
3183	20	0
3184	20	0
3185	20	0
3186	20	0
3187	20	0
3188	20	0
3189	20	0
3190	20	0
3191	20	0
3192	20	0
3193	20	0
3194	20	0
3195	20	0
3196	20	0
3197	20	0
3198	20	0
3199	20	0
3200	20	0
3201	20	0
3202	20	0
3203	20	0
3204	20	0
3205	20	0
3206	20	0
3207	20	0
3208	20	0
3209	20	0
3210	20	0
3211	20	0
3212	20	0
3213	20	0
3214	20	0
3215	20	0
3216	20	0
3217	20	0
3218	20	0
3219	20	0
3220	20	0
3221	20	0
3222	20	0
3223	20	0
3224	20	0
3225	20	0
3226	20	0
3227	20	0
3228	20	0
3229	20	0
3230	20	0
3231	20	0
3232	20	0
3233	20	0
3234	20	0
3235	20	0
3236	20	0
3237	20	0
3238	20	0
3239	20	0
3240	20	0
3241	20	0
3242	20	0
3243	20	0
3244	20	0
3245	20	0
3246	20	0
3247	20	0
3248	20	0
3249	20	0
3250	20	0
3251	20	0
3252	20	0
3253	20	0
3254	20	0
3255	20	0
3256	20	0
3257	20	0
3258	20	0
3259	20	0
3260	20	0
3261	20	0
3262	20	0
3263	20	0
3264	20	0
3265	20	0
3266	20	0
3267	20	0
3268	20	0
3269	20	0
3270	20	0
3271	20	0
3272	20	0
3273	20	0
3274	20	0
3275	20	0
3276	20	0
3277	20	0
3278	20	0
3279	20	0
3280	20	0
3281	20	0
3282	20	0
3283	20	0
3284	20	0
3285	20	0
3286	20	0
3287	20	0
3288	20	0
3289	20	0
3290	20	0
3291	20	0
3292	20	0
3293	20	0
3294	20	0
3295	20	0
3296	20	0
3297	20	0
3298	20	0
3299	20	0
3300	20	0
3301	20	0
3302	20	0
3303	20	0
3304	20	0
3305	20	0
3306	20	0
3307	20	0
3308	20	0
3309	20	0
3310	20	0
3311	20	0
3312	20	0
3313	20	0
3314	20	0
3315	20	0
3316	20	0
3317	20	0
3318	20	0
3319	20	0
3320	20	0
3321	20	0
3322	20	0
3323	20	0
3324	20	0
3325	20	0
3326	20	0
3327	20	0
3328	20	0
3329	20	0
3330	20	0
3331	20	0
3332	20	0
3333	20	0
3334	20	0
3335	20	0
3336	20	0
3337	20	0
3338	20	0
3339	20	0
3340	20	0
3341	20	0
3342	20	0
3343	20	0
3344	20	0
3345	20	0
3346	20	0
3347	20	0
3348	20	0
3349	20	0
3350	20	0
3351	20	0
3352	20	0
3353	20	0
3354	20	0
3355	20	0
3356	20	0
3357	20	0
3358	20	0
3359	20	0
3360	20	0
3361	20	0
3362	20	0
3363	20	0
3364	20	0
3365	20	0
3366	20	0
3367	20	0
3368	20	0
3369	20	0
3370	20	0
3371	20	0
3372	20	0
3373	20	0
3374	20	0
3375	20	0
3376	20	0
3377	20	0
3378	20	0
3379	20	0
3380	20	0
3381	20	0
3382	20	0
3383	20	0
3384	20	0
3385	20	0
3386	20	0
3387	20	0
3388	20	0
3389	20	0
3390	20	0
3391	20	0
3392	20	0
3393	20	0
3394	20	0
3395	20	0
3396	20	0
3397	20	0
3398	20	0
3399	20	0
3400	20	0
3401	20	0
3402	20	0
3403	20	0
3404	20	0
3405	20	0
3406	20	0
3407	20	0
3408	20	0
3409	20	0
3410	20	0
3411	20	0
3412	20	0
3413	20	0
3414	20	0
3415	20	0
3416	20	0
3417	20	0
3418	21	0
3419	21	0
3420	21	0
3421	21	0
3422	21	0
3423	21	0
3424	21	0
3425	21	0
3426	21	0
3427	21	0
3428	21	0
3429	21	0
3430	21	0
3431	21	0
3432	21	0
3433	21	0
3434	21	0
3435	21	0
3436	21	0
3437	21	0
3438	21	0
3439	21	0
3440	21	0
3441	21	0
3442	21	0
3443	21	0
3444	21	0
3445	22	0
3446	22	0
3447	22	0
3448	22	0
3449	22	0
3450	22	0
3451	22	0
3452	22	0
3453	22	0
3454	22	0
3455	22	0
3456	22	0
3457	22	0
3458	22	0
3459	22	0
3460	22	0
3461	22	0
3462	22	0
3463	22	0
3464	22	0
3465	22	0
3466	22	0
3467	22	0
3468	22	0
3469	22	0
3470	22	0
3471	22	0
3472	22	0
3473	22	0
3474	22	0
3475	22	0
3476	22	0
3477	22	0
3478	22	0
3479	22	0
3480	22	0
3481	22	0
3482	22	0
3483	22	0
3484	22	0
3485	22	0
3486	22	0
3487	22	0
3488	22	0
3489	22	0
3490	22	0
3491	22	0
3492	22	0
3493	22	0
3494	22	0
3495	22	0
3496	22	0
3497	22	0
3498	22	0
3499	22	0
3500	22	0
3501	22	0
3502	22	0
3503	22	0
3504	22	0
3505	22	0
3506	22	0
3507	22	0
3508	22	0
3509	22	0
3510	22	0
3511	22	0
3512	22	0
3513	22	0
3514	22	0
3515	22	0
3516	22	0
3517	22	0
3518	22	0
3519	22	0
3520	22	0
3521	22	0
3522	22	0
3523	22	0
3524	22	0
3525	22	0
3526	22	0
3527	22	0
3528	22	0
3529	22	0
3530	22	0
3531	22	0
3532	22	0
3533	22	0
3534	22	0
3535	22	0
3536	22	0
3537	22	0
3538	22	0
3539	22	0
3540	22	0
3541	22	0
3542	22	0
3543	22	0
3544	23	0
3545	23	0
3546	23	0
3547	23	0
3548	23	0
3549	23	0
3550	23	0
3551	23	0
3552	23	0
3553	23	0
3554	23	0
3555	23	0
3556	23	0
3557	23	0
3558	23	0
3559	23	0
3560	23	0
3561	23	0
3562	23	0
3563	23	0
3564	23	0
3565	23	0
3566	23	0
3567	23	0
3568	23	0
3569	23	0
3570	23	0
3571	23	0
3572	23	0
3573	23	0
3574	23	0
3575	23	0
3576	23	0
3577	23	0
3578	23	0
3579	23	0
3580	23	0
3581	23	0
3582	23	0
3583	23	0
3584	23	0
3585	23	0
3586	23	0
3587	23	0
3588	23	0
3589	23	0
3590	23	0
3591	23	0
3592	23	0
3593	23	0
3594	23	0
3595	23	0
3596	23	0
3597	23	0
3598	23	0
3599	23	0
3600	23	0
3601	23	0
3602	23	0
3603	23	0
3604	23	0
3605	23	0
3606	23	0
3607	23	0
3608	23	0
3609	23	0
3610	23	0
3611	23	0
3612	23	0
3613	23	0
3614	23	0
3615	23	0
3616	23	0
3617	23	0
3618	23	0
3619	23	0
3620	23	0
3621	23	0
3622	23	0
3623	23	0
3624	23	0
3625	23	0
3626	23	0
3627	23	0
3628	23	0
3629	23	0
3630	23	0
3631	23	0
3632	23	0
3633	23	0
3634	23	0
3635	23	0
3636	23	0
3637	23	0
3638	23	0
3639	23	0
3640	23	0
3641	23	0
3642	23	0
3643	23	0
3644	23	0
3645	23	0
3646	23	0
3647	23	0
3648	23	0
3649	23	0
3650	23	0
3651	23	0
3652	23	0
3653	23	0
3654	23	0
3655	23	0
3656	23	0
3657	23	0
3658	23	0
3659	23	0
3660	23	0
3661	23	0
3662	23	0
3663	23	0
3664	23	0
3665	23	0
3666	23	0
3667	23	0
3668	23	0
3669	23	0
3670	23	0
3671	23	0
3672	23	0
3673	23	0
3674	23	0
3675	23	0
3676	23	0
3677	23	0
3678	23	0
3679	23	0
3680	23	0
3681	23	0
3682	23	0
3683	23	0
3684	23	0
3685	23	0
3686	23	0
3687	23	0
3688	23	0
3689	23	0
3690	23	0
3691	23	0
3692	23	0
3693	23	0
3694	23	0
3695	23	0
3696	23	0
3697	23	0
3698	23	0
3699	23	0
3700	23	0
3701	23	0
3702	23	0
3703	23	0
3704	23	0
3705	23	0
3706	23	0
3707	23	0
3708	23	0
3709	23	0
3710	23	0
3711	23	0
3712	23	0
3713	23	0
3714	23	0
3715	23	0
3716	23	0
3717	23	0
3718	23	0
3719	23	0
3720	23	0
3721	23	0
3722	23	0
3723	23	0
3724	23	0
3725	23	0
3726	23	0
3727	23	0
3728	23	0
3729	23	0
3730	23	0
3731	23	0
3732	23	0
3733	23	0
3734	23	0
3735	23	0
3736	23	0
3737	23	0
3738	23	0
3739	23	0
3740	23	0
3741	23	0
3742	23	0
3743	23	0
3744	23	0
3745	23	0
3746	23	0
3747	23	0
3748	23	0
3749	23	0
3750	23	0
3751	23	0
3752	23	0
3753	23	0
3754	23	0
3755	23	0
3756	23	0
3757	23	0
3758	23	0
3759	23	0
3760	23	0
3761	23	0
3762	23	0
3763	23	0
3764	23	0
3765	23	0
3766	23	0
3767	23	0
3768	23	0
3769	23	0
3770	23	0
3771	23	0
3772	23	0
3773	23	0
3774	23	0
3775	23	0
3776	23	0
3777	23	0
3778	23	0
3779	23	0
3780	23	0
3781	23	0
3782	23	0
3783	23	0
3784	23	0
3785	23	0
3786	23	0
3787	23	0
3788	23	0
3789	23	0
3790	23	0
3791	23	0
3792	23	0
3793	23	0
3794	23	0
3795	23	0
3796	23	0
3797	23	0
3798	23	0
3799	23	0
3800	23	0
3801	23	0
3802	23	0
3803	24	0
3804	24	0
3805	24	0
3806	24	0
3807	24	0
3808	24	0
3809	24	0
3810	24	0
3811	24	0
3812	24	0
3813	24	0
3814	24	0
3815	24	0
3816	24	0
3817	24	0
3818	24	0
3819	24	0
3820	24	0
3821	24	0
3822	24	0
3823	24	0
3824	25	0
3825	25	0
3826	25	0
3827	25	0
3828	25	0
3829	25	0
3830	25	0
3831	25	0
3832	25	0
3833	25	0
3834	25	0
3835	25	0
3836	25	0
3837	25	0
3838	25	0
3839	25	0
3840	25	0
3841	25	0
3842	25	0
3843	25	0
3844	25	0
3845	25	0
3846	25	0
3847	25	0
3848	25	0
3849	25	0
3850	25	0
3851	25	0
3852	25	0
3853	25	0
3854	25	0
3855	25	0
3856	25	0
3857	25	0
3858	25	0
3859	25	0
3860	25	0
3861	25	0
3862	25	0
3863	25	0
3864	25	0
3865	25	0
3866	25	0
3867	25	0
3868	25	0
3869	25	0
3870	25	0
3871	25	0
3872	25	0
3873	25	0
3874	25	0
3875	25	0
3876	25	0
3877	25	0
3878	25	0
3879	25	0
3880	25	0
3881	25	0
3882	25	0
3883	25	0
3884	25	0
3885	25	0
3886	25	0
3887	25	0
3888	25	0
3889	25	0
3890	25	0
3891	25	0
3892	25	0
3893	25	0
3894	25	0
3895	25	0
3896	25	0
3897	25	0
3898	25	0
3899	25	0
3900	25	0
3901	25	0
3902	25	0
3903	25	0
3904	25	0
3905	25	0
3906	25	0
3907	25	0
3908	25	0
3909	25	0
3910	25	0
3911	25	0
3912	25	0
3913	25	0
3914	25	0
3915	25	0
3916	25	0
3917	25	0
3918	25	0
3919	25	0
3920	25	0
3921	25	0
3922	25	0
3923	25	0
3924	25	0
3925	25	0
3926	25	0
3927	25	0
3928	25	0
3929	25	0
3930	25	0
3931	25	0
3932	25	0
3933	25	0
3934	25	0
3935	25	0
3936	25	0
3937	25	0
3938	25	0
3939	25	0
3940	25	0
3941	25	0
3942	25	0
3943	25	0
3944	25	0
3945	25	0
3946	25	0
3947	25	0
3948	25	0
3949	25	0
3950	25	0
3951	25	0
3952	25	0
3953	25	0
3954	25	0
3955	25	0
3956	25	0
3957	25	0
3958	25	0
3959	25	0
3960	25	0
3961	25	0
3962	25	0
3963	25	0
3964	25	0
3965	25	0
3966	25	0
3967	25	0
3968	25	0
3969	25	0
3970	25	0
3971	25	0
3972	25	0
3973	25	0
3974	25	0
3975	25	0
3976	25	0
3977	25	0
3978	25	0
3979	25	0
3980	25	0
3981	26	0
3982	26	0
3983	26	0
3984	26	0
3985	26	0
3986	26	0
3987	26	0
3988	26	0
3989	26	0
3990	26	0
3991	26	0
3992	26	0
3993	26	0
3994	26	0
3995	26	0
3996	26	0
3997	26	0
3998	26	0
3999	26	0
4000	26	0
4001	26	0
4002	26	0
4003	26	0
4004	26	0
4005	26	0
4006	26	0
4007	26	0
4008	26	0
4009	26	0
4010	26	0
4011	26	0
4012	26	0
4013	26	0
4014	26	0
4015	26	0
4016	26	0
4017	26	0
4018	26	0
4019	26	0
4020	26	0
4021	26	0
4022	26	0
4023	26	0
4024	26	0
4025	26	0
4026	26	0
4027	26	0
4028	26	0
4029	26	0
4030	26	0
4031	26	0
4032	26	0
4033	26	0
4034	26	0
4035	26	0
4036	26	0
4037	26	0
4038	26	0
4039	26	0
4040	26	0
4041	26	0
4042	26	0
4043	26	0
4044	26	0
4045	26	0
4046	26	0
4047	26	0
4048	26	0
4049	26	0
4050	26	0
4051	26	0
4052	26	0
4053	26	0
4054	26	0
4055	26	0
4056	26	0
4057	26	0
4058	26	0
4059	26	0
4060	26	0
4061	26	0
4062	26	0
4063	26	0
4064	26	0
4065	26	0
4066	26	0
4067	26	0
4068	26	0
4069	26	0
4070	26	0
4071	26	0
4072	26	0
4073	26	0
4074	26	0
4075	26	0
4076	26	0
4077	26	0
4078	26	0
4079	26	0
4080	26	0
4081	26	0
4082	26	0
4083	26	0
4084	26	0
4085	26	0
4086	26	0
4087	26	0
4088	26	0
4089	26	0
4090	26	0
4091	26	0
4092	26	0
4093	26	0
4094	26	0
4095	26	0
4096	26	0
4097	26	0
4098	26	0
4099	26	0
4100	26	0
4101	26	0
4102	26	0
4103	26	0
4104	26	0
4105	26	0
4106	26	0
4107	26	0
4108	26	0
4109	26	0
4110	26	0
4111	26	0
4112	26	0
4113	26	0
4114	26	0
4115	26	0
4116	26	0
4117	26	0
4118	26	0
4119	26	0
4120	26	0
4121	26	0
4122	26	0
4123	26	0
4124	26	0
4125	26	0
4126	26	0
4127	26	0
4128	26	0
4129	26	0
4130	26	0
4131	26	0
4132	26	0
4133	26	0
4134	26	0
4135	26	0
4136	26	0
4137	26	0
4138	26	0
4139	26	0
4140	26	0
4141	26	0
4142	26	0
4143	26	0
4144	26	0
4145	26	0
4146	26	0
4147	26	0
4148	26	0
4149	26	0
4150	26	0
4151	26	0
4152	26	0
4153	26	0
4154	26	0
4155	26	0
4156	26	0
4157	26	0
4158	26	0
4159	26	0
4160	26	0
4161	26	0
4162	26	0
4163	26	0
4164	26	0
4165	26	0
4166	26	0
4167	26	0
4168	26	0
4169	26	0
4170	26	0
4171	26	0
4172	26	0
4173	26	0
4174	26	0
4175	26	0
4176	26	0
4177	26	0
4178	26	0
4179	26	0
4180	26	0
4181	26	0
4182	26	0
4183	26	0
4184	26	0
4185	26	0
4186	26	0
4187	26	0
4188	26	0
4189	26	0
4190	26	0
4191	26	0
4192	26	0
4193	26	0
4194	26	0
4195	26	0
4196	26	0
4197	26	0
4198	26	0
4199	26	0
4200	26	0
4201	26	0
4202	26	0
4203	26	0
4204	26	0
4205	26	0
4206	26	0
4207	26	0
4208	26	0
4209	26	0
4210	26	0
4211	26	0
4212	26	0
4213	26	0
4214	26	0
4215	26	0
4216	26	0
4217	26	0
4218	26	0
4219	26	0
4220	26	0
4221	26	0
4222	26	0
4223	26	0
4224	26	0
4225	26	0
4226	26	0
4227	26	0
4228	26	0
4229	26	0
4230	26	0
4231	26	0
4232	26	0
4233	26	0
4234	26	0
4235	26	0
4236	26	0
4237	26	0
4238	26	0
4239	26	0
4240	26	0
4241	26	0
4242	26	0
4243	26	0
4244	26	0
4245	26	0
4246	26	0
4247	26	0
4248	26	0
4249	26	0
4250	26	0
4251	26	0
4252	26	0
4253	26	0
4254	26	0
4255	26	0
4256	26	0
4257	26	0
4258	26	0
4259	26	0
4260	26	0
4261	26	0
4262	26	0
4263	26	0
4264	26	0
4265	26	0
4266	26	0
4267	26	0
4268	26	0
4269	26	0
4270	26	0
4271	26	0
4272	26	0
4273	26	0
4274	26	0
4275	26	0
4276	26	0
4277	26	0
4278	26	0
4279	26	0
4280	26	0
4281	26	0
4282	26	0
4283	26	0
4284	26	0
4285	26	0
4286	26	0
4287	26	0
4288	26	0
4289	26	0
4290	26	0
4291	26	0
4292	26	0
4293	26	0
4294	26	0
4295	26	0
4296	26	0
4297	26	0
4298	26	0
4299	26	0
4300	26	0
4301	26	0
4302	26	0
4303	26	0
4304	26	0
4305	26	0
4306	26	0
4307	26	0
4308	26	0
4309	26	0
4310	26	0
4311	26	0
4312	26	0
4313	26	0
4314	26	0
4315	26	0
4316	26	0
4317	26	0
4318	26	0
4319	26	0
4320	26	0
4321	26	0
4322	26	0
4323	26	0
4324	26	0
4325	26	0
4326	26	0
4327	26	0
4328	26	0
4329	26	0
4330	26	0
4331	26	0
4332	26	0
4333	26	0
4334	26	0
4335	26	0
4336	26	0
4337	26	0
4338	26	0
4339	26	0
4340	26	0
4341	26	0
4342	26	0
4343	26	0
4344	26	0
4345	26	0
4346	26	0
4347	26	0
4348	26	0
4349	26	0
4350	26	0
4351	26	0
4352	26	0
4353	26	0
4354	26	0
4355	26	0
4356	26	0
4357	26	0
4358	26	0
4359	26	0
4360	26	0
4361	26	0
4362	26	0
4363	26	0
4364	26	0
4365	26	0
4366	26	0
4367	26	0
4368	26	0
4369	26	0
4370	26	0
4371	26	0
4372	26	0
4373	26	0
4374	26	0
4375	26	0
4376	26	0
4377	26	0
4378	26	0
4379	26	0
4380	26	0
4381	26	0
4382	26	0
4383	26	0
4384	26	0
4385	26	0
4386	26	0
4387	26	0
4388	26	0
4389	26	0
4390	26	0
4391	26	0
4392	26	0
4393	26	0
4394	26	0
4395	26	0
4396	26	0
4397	26	0
4398	26	0
4399	26	0
4400	26	0
4401	26	0
4402	26	0
4403	26	0
4404	26	0
4405	26	0
4406	26	0
4407	26	0
4408	26	0
4409	26	0
4410	26	0
4411	26	0
4412	26	0
4413	26	0
4414	26	0
4415	26	0
4416	26	0
4417	26	0
4418	26	0
4419	26	0
4420	26	0
4421	26	0
4422	26	0
4423	26	0
4424	26	0
4425	26	0
4426	26	0
4427	26	0
4428	26	0
4429	26	0
4430	26	0
4431	26	0
4432	26	0
4433	26	0
4434	26	0
4435	26	1
4436	26	1
4437	26	1
4438	26	1
4439	26	1
4440	26	1
4441	26	1
4442	26	1
4443	26	1
4444	26	1
4445	26	1
4446	26	1
4447	26	1
4448	26	1
4449	26	1
4450	26	1
4451	26	1
4452	26	1
4453	26	1
4454	26	1
4455	26	1
4456	26	1
4457	26	1
4458	26	1
4459	26	1
4460	26	1
4461	26	1
4462	26	1
4463	26	1
4464	26	1
4465	26	1
4466	26	1
4467	26	1
4468	26	1
4469	26	1
4470	26	1
4471	26	1
4472	26	1
4473	26	1
4474	26	1
4475	26	1
4476	26	1
4477	26	1
4478	26	1
4479	26	1
4480	26	1
4481	26	1
4482	26	1
4483	26	1
4484	26	1
4485	26	1
4486	26	1
4487	26	1
4488	26	1
4489	26	1
4490	26	1
4491	26	1
4492	26	1
4493	26	1
4494	26	1
4495	26	1
4496	26	1
4497	26	1
4498	26	1
4499	26	1
4500	26	1
4501	26	1
4502	26	1
4503	26	1
4504	26	1
4505	26	1
4506	26	1
4507	26	1
4508	26	1
4509	26	1
4510	26	1
4511	26	1
4512	26	1
4513	26	1
4514	26	1
4515	26	1
4516	26	1
4517	26	1
4518	26	1
4519	26	1
4520	26	1
4521	26	1
4522	26	1
4523	26	1
4524	26	1
4525	26	1
4526	26	1
4527	26	1
4528	26	1
4529	26	1
4530	26	1
4531	26	1
4532	26	1
4533	26	1
4534	26	1
4535	26	1
4536	26	1
4537	26	1
4538	26	1
4539	26	1
4540	26	1
4541	26	1
4542	26	1
4543	26	1
4544	26	1
4545	26	1
4546	26	1
4547	26	1
4548	26	1
4549	26	1
4550	26	1
4551	26	1
4552	26	1
4553	26	1
4554	26	1
4555	26	1
4556	26	1
4557	26	1
4558	26	1
4559	26	1
4560	26	1
4561	26	1
4562	26	1
4563	26	1
4564	26	1
4565	26	2
4566	26	2
4567	26	2
4568	26	2
4569	26	2
4570	26	2
4571	26	2
4572	26	2
4573	26	2
4574	26	2
4575	26	2
4576	26	2
4577	26	2
4578	26	2
4579	26	2
4580	26	2
4581	26	2
4582	26	2
4583	26	2
4584	26	2
4585	26	2
4586	26	2
4587	26	2
4588	26	2
4589	26	2
4590	26	2
4591	26	2
4592	26	2
4593	26	2
4594	26	2
4595	26	2
4596	26	2
4597	26	2
4598	26	2
4599	26	2
4600	26	2
4601	26	2
4602	26	2
4603	26	2
4604	26	2
4605	26	2
4606	26	2
4607	26	2
4608	26	2
4609	26	2
4610	26	2
4611	27	2
4612	27	2
4613	27	2
4614	27	2
4615	27	2
4616	27	2
4617	27	2
4618	27	2
4619	27	2
4620	27	2
4621	27	2
4622	27	2
4623	27	2
4624	27	2
4625	27	2
4626	27	2
4627	27	2
4628	27	2
4629	27	2
4630	27	2
4631	27	2
4632	27	2
4633	27	2
4634	27	2
4635	27	2
4636	27	2
4637	27	2
4638	27	2
4639	27	2
4640	27	2
4641	27	2
4642	27	2
4643	27	2
4644	27	2
4645	27	2
4646	27	2
4647	27	2
4648	27	2
4649	27	2
4650	27	2
4651	27	2
4652	27	2
4653	27	2
4654	27	2
4655	27	2
4656	27	2
4657	27	2
4658	27	2
4659	27	2
4660	27	2
4661	27	2
4662	27	2
4663	27	2
4664	27	2
4665	27	2
4666	27	2
4667	27	2
4668	27	2
4669	27	2
4670	27	2
4671	27	2
4672	27	2
4673	27	2
4674	27	2
4675	27	2
4676	27	2
4677	27	2
4678	27	2
4679	27	2
4680	27	2
4681	27	2
4682	27	2
4683	27	2
4684	27	2
4685	27	2
4686	27	2
4687	27	2
4688	27	2
4689	27	2
4690	27	2
4691	27	2
4692	27	2
4693	27	2
4694	27	2
4695	27	2
4696	27	2
4697	27	2
4698	27	2
4699	27	2
4700	27	2
4701	27	2
4702	27	2
4703	27	2
4704	27	2
4705	27	2
4706	27	2
4707	27	2
4708	27	2
4709	27	2
4710	27	2
4711	27	2
4712	27	2
4713	27	2
4714	27	2
4715	27	2
4716	27	2
4717	27	2
4718	27	2
4719	27	2
4720	28	2
4721	28	2
4722	28	2
4723	28	2
4724	28	2
4725	28	2
4726	28	2
4727	28	2
4728	28	2
4729	28	2
4730	28	2
4731	28	2
4732	28	2
4733	28	2
4734	28	2
4735	28	2
4736	28	2
4737	28	2
4738	28	2
4739	28	2
4740	28	2
4741	28	2
4742	28	2
4743	28	2
4744	28	2
4745	28	2
4746	28	2
4747	28	2
4748	28	2
4749	28	2
4750	28	2
4751	28	2
4752	28	2
4753	28	2
4754	28	2
4755	28	2
4756	28	2
4757	28	2
4758	28	2
4759	28	2
4760	28	2
4761	28	2
4762	28	2
4763	28	2
4764	28	2
4765	28	2
4766	28	2
4767	28	2
4768	28	2
4769	28	2
4770	28	2
4771	28	2
4772	28	2
4773	28	2
4774	28	2
4775	28	2
4776	28	3
4777	28	3
4778	28	3
4779	28	3
4780	28	3
4781	28	3
4782	28	3
4783	29	3
4784	29	3
4785	29	3
4786	29	3
4787	29	3
4788	29	3
4789	29	3
4790	29	3
4791	29	3
4792	29	3
4793	29	3
4794	29	3
4795	29	3
4796	29	3
4797	29	3
4798	29	3
4799	29	3
4800	29	3
4801	29	3
4802	29	3
4803	29	3
4804	29	3
4805	29	3
4806	29	3
4807	29	3
4808	29	3
4809	29	3
4810	29	3
4811	29	3
4812	29	3
4813	29	3
4814	29	3
4815	29	3
4816	29	3
4817	29	3
4818	29	3
4819	29	3
4820	29	3
4821	29	3
4822	29	3
4823	29	3
4824	29	3
4825	29	3
4826	29	3
4827	29	3
4828	29	3
4829	29	3
4830	29	3
4831	29	3
4832	29	3
4833	29	3
4834	29	3
4835	29	3
4836	29	3
4837	29	3
4838	29	3
4839	29	3
4840	29	3
4841	29	3
4842	29	3
4843	29	3
4844	29	3
4845	29	3
4846	29	3
4847	29	3
4848	29	3
4849	29	3
4850	29	3
4851	29	3
4852	29	3
4853	29	3
4854	29	3
4855	29	3
4856	29	3
4857	29	3
4858	29	3
4859	29	3
4860	29	3
4861	29	3
4862	29	3
4863	29	3
4864	29	3
4865	29	3
4866	29	3
4867	29	3
4868	29	3
4869	29	3
4870	29	3
4871	29	3
4872	29	3
4873	29	3
4874	29	3
4875	29	3
4876	29	3
4877	29	3
4878	29	3
4879	29	3
4880	29	3
4881	29	3
4882	29	3
4883	29	3
4884	29	3
4885	29	3
4886	29	3
4887	29	3
4888	29	3
4889	29	3
4890	29	3
4891	29	3
4892	29	3
4893	29	3
4894	29	3
4895	29	3
4896	29	3
4897	29	3
4898	29	3
4899	29	3
4900	29	3
4901	29	3
4902	29	3
4903	29	3
4904	29	3
4905	29	3
4906	29	3
4907	29	3
4908	29	3
4909	29	3
4910	29	3
4911	29	3
4912	29	3
4913	29	3
4914	29	3
4915	29	3
4916	29	3
4917	29	3
4918	29	3
4919	29	3
4920	29	3
4921	29	3
4922	29	3
4923	29	3
4924	29	3
4925	29	3
4926	29	3
4927	29	3
4928	29	3
4929	29	3
4930	29	3
4931	29	3
4932	29	3
4933	29	3
4934	29	3
4935	29	3
4936	29	3
4937	29	3
4938	29	3
4939	29	3
4940	29	3
4941	29	3
4942	29	3
4943	29	3
4944	29	3
4945	29	3
4946	29	3
4947	29	3
4948	29	3
4949	29	3
4950	29	3
4951	29	3
4952	29	3
4953	29	3
4954	29	3
4955	29	3
4956	29	3
4957	29	3
4958	29	3
4959	29	3
4960	29	3
4961	29	3
4962	29	3
4963	29	3
4964	29	3
4965	29	3
4966	29	3
4967	29	3
4968	29	3
4969	29	3
4970	29	3
4971	29	3
4972	29	3
4973	29	3
4974	29	3
4975	29	3
4976	29	3
4977	29	3
4978	29	3
4979	29	3
4980	30	3
4981	30	3
4982	30	3
4983	30	3
4984	30	3
4985	30	3
4986	30	3
4987	30	3
4988	30	3
4989	30	3
4990	30	3
4991	30	3
4992	30	3
4993	30	3
4994	30	3
4995	30	3
4996	30	3
4997	30	3
4998	30	3
4999	30	3
5000	30	3
5001	30	3
5002	30	3
5003	30	3
5004	30	3
5005	30	3
5006	30	3
5007	30	3
5008	30	3
5009	30	3
5010	30	3
5011	30	3
5012	30	3
5013	30	3
5014	30	3
5015	30	3
5016	30	3
5017	30	3
5018	30	3
5019	30	3
5020	30	3
5021	30	3
5022	30	3
5023	30	3
5024	30	3
5025	30	3
5026	30	3
5027	30	3
5028	30	3
5029	30	3
5030	30	3
5031	30	3
5032	30	3
5033	30	3
5034	30	3
5035	30	3
5036	30	3
5037	30	3
5038	30	3
5039	30	3
5040	30	3
5041	30	3
5042	30	3
5043	30	3
5044	30	3
5045	30	3
5046	30	3
5047	30	3
5048	30	3
5049	30	3
5050	30	3
5051	30	3
5052	30	3
5053	30	3
5054	30	3
5055	30	3
5056	30	3
5057	30	3
5058	30	3
5059	30	3
5060	30	3
5061	30	3
5062	30	3
5063	30	3
5064	30	3
5065	30	3
5066	30	3
5067	30	3
5068	30	3
5069	30	3
5070	30	3
5071	30	3
5072	30	3
5073	30	3
5074	30	3
5075	30	3
5076	30	3
5077	30	3
5078	30	3
5079	30	3
5080	30	3
5081	30	3
5082	30	3
5083	30	3
5084	30	3
5085	30	3
5086	30	3
5087	30	3
5088	30	3
5089	30	3
5090	30	3
5091	30	3
5092	30	3
5093	30	3
5094	30	3
5095	30	3
5096	30	3
5097	30	3
5098	30	3
5099	30	3
5100	30	3
5101	30	3
5102	30	3
5103	30	3
5104	30	3
5105	30	3
5106	30	3
5107	30	3
5108	30	3
5109	30	3
5110	30	3
5111	30	3
5112	30	3
5113	30	3
5114	30	3
5115	30	3
5116	30	3
5117	30	3
5118	30	3
5119	30	3
5120	30	3
5121	30	3
5122	30	3
5123	30	3
5124	30	3
5125	30	3
5126	30	3
5127	30	3
5128	30	3
5129	30	3
5130	30	3
5131	30	3
5132	30	3
5133	30	3
5134	30	3
5135	30	3
5136	30	3
5137	30	3
5138	30	3
5139	30	3
5140	30	3
5141	30	3
5142	30	3
5143	30	3
5144	30	3
5145	30	3
5146	30	3
5147	30	3
5148	30	3
5149	30	3
5150	30	3
5151	30	3
5152	30	3
5153	30	3
5154	30	3
5155	30	3
5156	30	3
5157	30	3
5158	30	3
5159	30	3
5160	30	3
5161	30	3
5162	30	3
5163	30	3
5164	30	3
5165	30	3
5166	30	3
5167	30	3
5168	30	3
5169	30	3
5170	30	3
5171	30	3
5172	30	3
5173	30	3
5174	30	3
5175	30	3
5176	30	3
5177	30	3
5178	30	3
5179	30	3
5180	30	3
5181	30	3
5182	30	3
5183	30	3
5184	30	3
5185	30	3
5186	30	3
5187	30	3
5188	30	3
5189	30	3
5190	30	3
5191	30	3
5192	30	3
5193	30	3
5194	30	3
5195	30	3
5196	30	3
5197	30	3
5198	30	3
5199	30	3
5200	30	3
5201	30	3
5202	30	3
5203	30	3
5204	30	3
5205	30	3
5206	30	3
5207	30	3
5208	30	3
5209	30	3
5210	30	3
5211	30	3
5212	30	3
5213	30	3
5214	30	3
5215	30	3
5216	30	3
5217	30	3
5218	30	3
5219	30	3
5220	30	3
5221	30	3
5222	30	3
5223	30	3
5224	30	3
5225	30	3
5226	30	3
5227	30	3
5228	30	3
5229	30	3
5230	30	3
5231	30	3
5232	30	3
5233	30	3
5234	30	3
5235	30	3
5236	30	3
5237	30	3
5238	30	3
5239	30	3
5240	30	3
5241	30	3
5242	30	3
5243	30	3
5244	30	3
5245	30	3
5246	30	3
5247	30	3
5248	30	3
5249	30	3
5250	30	3
5251	30	3
5252	30	3
5253	30	3
5254	30	3
5255	30	3
5256	30	3
5257	30	3
5258	30	3
5259	30	3
5260	30	3
5261	30	3
5262	30	3
5263	30	3
5264	30	3
5265	30	3
5266	30	3
5267	30	3
5268	30	3
5269	30	3
5270	30	3
5271	30	3
5272	30	3
5273	30	3
5274	30	3
5275	30	3
5276	30	3
5277	30	3
5278	30	3
5279	30	3
5280	30	3
5281	30	3
5282	30	3
5283	30	3
5284	30	3
5285	30	3
5286	30	3
5287	30	3
5288	30	3
5289	30	3
5290	30	3
5291	30	3
5292	30	3
5293	30	3
5294	30	3
5295	30	3
5296	30	3
5297	30	3
5298	30	3
5299	30	3
5300	30	3
5301	30	3
5302	30	3
5303	30	3
5304	30	3
5305	30	3
5306	30	3
5307	30	3
5308	30	3
5309	30	3
5310	30	3
5311	30	3
5312	30	3
5313	30	3
5314	30	3
5315	30	3
5316	30	3
5317	30	3
5318	30	3
5319	30	3
5320	30	3
5321	30	3
5322	30	3
5323	30	3
5324	30	3
5325	30	3
5326	30	3
5327	30	3
5328	30	3
5329	30	3
5330	30	3
5331	30	3
5332	30	3
5333	30	3
5334	30	3
5335	30	3
5336	30	3
5337	30	3
5338	30	3
5339	30	3
5340	30	3
5341	30	3
5342	30	3
5343	30	3
5344	30	3
5345	30	3
5346	30	3
5347	30	3
5348	30	3
5349	30	3
5350	30	3
5351	30	3
5352	30	3
5353	30	3
5354	30	3
5355	30	3
5356	30	3
5357	30	3
5358	30	3
5359	30	3
5360	30	3
5361	30	3
5362	30	3
5363	30	3
5364	30	3
5365	30	3
5366	30	3
5367	30	3
5368	30	3
5369	30	3
5370	30	3
5371	30	3
5372	30	3
5373	30	3
5374	30	3
5375	30	3
5376	30	3
5377	30	3
5378	30	3
5379	30	3
5380	30	3
5381	30	3
5382	30	3
5383	30	3
5384	30	3
5385	30	3
5386	30	3
5387	30	3
5388	30	3
5389	30	3
5390	30	3
5391	30	3
5392	30	3
5393	30	3
5394	30	3
5395	30	3
5396	30	3
5397	30	3
5398	30	3
5399	30	3
5400	30	3
5401	30	3
5402	30	3
5403	30	3
5404	30	3
5405	30	3
5406	30	3
5407	30	3
5408	30	3
5409	30	3
5410	30	3
5411	30	3
5412	30	3
5413	30	3
5414	30	3
5415	30	3
5416	30	3
5417	30	3
5418	30	3
5419	30	3
5420	30	3
5421	30	3
5422	30	3
5423	30	3
5424	30	3
5425	30	3
5426	30	3
5427	30	3
5428	30	3
5429	30	3
5430	30	3
5431	30	3
5432	30	3
5433	30	3
5434	30	3
5435	30	3
5436	30	3
5437	30	3
5438	30	3
5439	30	3
5440	30	3
5441	30	3
5442	30	3
5443	30	3
5444	30	3
5445	30	3
5446	30	3
5447	30	3
5448	30	3
5449	30	3
5450	30	3
5451	30	3
5452	30	3
5453	30	3
5454	30	3
5455	30	3
5456	30	3
5457	30	3
5458	30	3
5459	30	3
5460	30	3
5461	30	3
5462	30	3
5463	30	3
5464	30	3
5465	30	3
5466	30	3
5467	30	3
5468	30	3
5469	30	3
5470	30	3
5471	30	3
5472	30	3
5473	30	3
5474	30	3
5475	30	3
5476	30	3
5477	30	3
5478	30	3
5479	30	3
5480	30	3
5481	30	3
5482	30	3
5483	30	3
5484	30	3
5485	30	3
5486	30	3
5487	30	3
5488	30	3
5489	30	3
5490	30	3
5491	30	3
5492	30	3
5493	31	3
5494	31	3
5495	31	3
5496	31	3
5497	31	3
5498	31	3
5499	31	3
5500	31	3
5501	31	3
5502	31	3
5503	31	3
5504	31	3
5505	31	3
5506	31	3
5507	31	3
5508	31	3
5509	31	3
5510	31	3
5511	31	3
5512	31	3
5513	31	3
5514	31	3
5515	31	3
5516	31	3
5517	31	3
5518	31	3
5519	31	3
5520	31	3
5521	31	3
5522	31	3
5523	31	3
5524	31	3
5525	31	3
5526	31	3
5527	31	3
5528	31	3
5529	31	3
5530	31	3
5531	31	3
5532	31	3
5533	31	3
5534	31	3
5535	31	3
5536	31	3
5537	31	3
5538	31	3
5539	31	3
5540	31	3
5541	31	3
5542	31	3
5543	31	3
5544	31	3
5545	31	3
5546	31	3
5547	31	3
5548	31	3
5549	31	3
5550	31	3
5551	31	3
5552	31	3
5553	31	3
5554	31	3
5555	31	3
5556	31	3
5557	31	3
5558	31	3
5559	31	3
5560	31	3
5561	31	3
5562	31	3
5563	31	3
5564	31	3
5565	31	3
5566	31	3
5567	31	3
5568	31	3
5569	31	3
5570	31	3
5571	31	3
5572	31	3
5573	31	3
5574	31	3
5575	31	3
5576	31	3
5577	31	3
5578	31	3
5579	31	3
5580	31	3
5581	31	3
5582	31	3
5583	31	3
5584	31	3
5585	31	3
5586	31	3
5587	31	3
5588	31	3
5589	31	3
5590	31	3
5591	31	3
5592	31	3
5593	31	3
5594	31	3
5595	31	3
5596	31	3
5597	31	3
5598	31	3
5599	31	3
5600	31	3
5601	31	3
5602	31	3
5603	31	3
5604	31	3
5605	31	3
5606	31	3
5607	31	3
5608	31	3
5609	31	3
5610	31	3
5611	31	3
5612	31	3
5613	31	3
5614	31	3
5615	31	3
5616	31	3
5617	31	3
5618	31	3
5619	31	3
5620	31	3
5621	31	3
5622	31	3
5623	31	3
5624	31	3
5625	31	3
5626	31	3
5627	31	3
5628	31	3
5629	31	3
5630	31	3
5631	31	3
5632	31	3
5633	31	3
5634	31	3
5635	31	3
5636	31	3
5637	31	3
5638	31	3
5639	31	3
5640	31	3
5641	31	3
5642	31	3
5643	31	3
5644	31	3
5645	31	3
5646	31	3
5647	31	3
5648	31	3
5649	31	3
5650	31	3
5651	31	3
5652	31	3
5653	31	3
5654	31	3
5655	31	3
5656	31	3
5657	31	3
5658	31	3
5659	31	3
5660	31	3
5661	31	3
5662	31	3
5663	31	3
5664	31	3
5665	31	3
5666	31	3
5667	31	3
5668	31	3
5669	31	3
5670	31	3
5671	31	3
5672	31	3
5673	31	3
5674	31	3
5675	31	3
5676	31	3
5677	31	3
5678	31	3
5679	31	3
5680	31	3
5681	31	3
5682	31	3
5683	31	3
5684	31	3
5685	31	3
5686	31	3
5687	31	3
5688	31	3
5689	31	3
5690	31	3
5691	31	3
5692	31	3
5693	31	3
5694	31	3
5695	31	3
5696	31	3
5697	31	3
5698	31	3
5699	31	3
5700	31	3
5701	31	3
5702	31	3
5703	31	3
5704	31	3
5705	31	3
5706	31	3
5707	31	3
5708	31	3
5709	31	3
5710	31	3
5711	31	3
5712	31	3
5713	31	3
5714	31	3
5715	31	3
5716	31	3
5717	31	3
5718	31	3
5719	31	3
5720	31	3
5721	31	3
5722	31	3
5723	31	4
5724	31	4
5725	31	4
5726	31	4
5727	31	4
5728	31	4
5729	31	4
5730	31	4
5731	31	4
5732	31	4
5733	31	4
5734	31	4
5735	31	4
5736	31	4
5737	31	4
5738	31	4
5739	31	4
5740	31	4
5741	31	4
5742	31	4
5743	31	4
5744	31	4
5745	31	4
5746	31	4
5747	31	4
5748	31	4
5749	31	4
5750	31	4
5751	31	4
5752	31	4
5753	31	4
5754	31	4
5755	31	4
5756	31	4
5757	31	4
5758	31	4
5759	31	4
5760	31	4
5761	31	4
5762	31	4
5763	31	4
5764	31	4
5765	31	4
5766	31	4
5767	31	4
5768	31	4
5769	31	4
5770	31	4
5771	31	4
5772	31	4
5773	31	4
5774	31	4
5775	31	4
5776	31	4
5777	31	4
5778	31	4
5779	31	4
5780	31	4
5781	31	4
5782	31	4
5783	31	4
5784	31	4
5785	31	4
5786	31	4
5787	31	4
5788	31	4
5789	31	4
5790	31	4
5791	31	4
5792	31	4
5793	31	4
5794	31	4
5795	31	4
5796	31	4
5797	31	4
5798	31	4
5799	31	4
5800	31	4
5801	31	4
5802	31	4
5803	31	4
5804	31	4
5805	31	4
5806	31	4
5807	31	4
5808	31	4
5809	31	4
5810	31	4
5811	31	4
5812	31	4
5813	31	4
5814	31	4
5815	31	4
5816	31	4
5817	31	4
5818	31	4
5819	31	4
5820	31	4
5821	31	4
5822	31	4
5823	31	4
5824	31	4
5825	31	4
5826	31	4
5827	31	4
5828	31	4
5829	31	4
5830	31	4
5831	31	4
5832	31	4
5833	31	4
5834	31	4
5835	31	4
5836	31	4
5837	31	4
5838	31	4
5839	31	4
5840	31	4
5841	31	4
5842	31	4
5843	31	4
5844	31	4
5845	31	4
5846	31	4
5847	31	4
5848	31	4
5849	31	4
5850	31	4
5851	31	4
5852	31	4
5853	31	4
5854	31	4
5855	31	4
5856	31	4
5857	31	4
5858	31	4
5859	31	4
5860	31	4
5861	31	4
5862	31	4
5863	31	4
5864	31	4
5865	31	4
5866	31	4
5867	31	4
5868	31	4
5869	31	4
5870	31	4
5871	31	4
5872	31	4
5873	31	4
5874	31	4
5875	31	4
5876	31	4
5877	31	4
5878	31	4
5879	31	4
5880	31	4
5881	31	4
5882	31	4
5883	31	4
5884	31	4
5885	31	4
5886	31	4
5887	31	4
5888	31	4
5889	31	4
5890	31	4
5891	31	4
5892	31	4
5893	31	4
5894	31	4
5895	31	4
5896	31	4
5897	31	4
5898	31	4
5899	31	4
5900	31	4
5901	31	4
5902	31	4
5903	31	4
5904	31	4
5905	31	4
5906	31	4
5907	31	4
5908	31	4
5909	31	4
5910	31	4
5911	31	4
5912	31	4
5913	31	4
5914	31	4
5915	31	4
5916	31	4
5917	31	4
5918	31	4
5919	31	4
5920	31	4
5921	31	4
5922	31	4
5923	31	4
5924	31	4
5925	31	4
5926	31	4
5927	31	4
5928	31	4
5929	31	4
5930	31	4
5931	31	4
5932	31	4
5933	31	4
5934	31	4
5935	31	4
5936	31	4
5937	31	4
5938	31	4
5939	31	4
5940	31	4
5941	31	4
5942	31	4
5943	31	4
5944	31	4
5945	31	4
5946	31	5
5947	31	5
5948	31	5
5949	31	5
5950	31	5
5951	31	5
5952	31	5
5953	31	5
5954	31	5
5955	31	5
5956	31	5
5957	31	5
5958	31	5
5959	31	5
5960	31	5
5961	31	5
5962	31	5
5963	31	6
5964	31	6
5965	31	6
5966	31	6
5967	31	6
5968	31	6
5969	31	6
5970	31	6
5971	31	6
5972	31	6
5973	31	6
5974	31	6
5975	31	6
5976	31	6
5977	31	6
5978	31	6
5979	31	6
5980	31	6
5981	31	6
5982	31	6
5983	31	6
5984	31	6
5985	31	6
5986	31	6
5987	31	6
5988	31	6
5989	31	6
5990	31	6
5991	31	6
5992	31	6
5993	31	6
5994	31	6
5995	31	6
5996	31	6
5997	31	6
5998	31	6
5999	31	6
6000	31	6
6001	31	6
6002	31	6
6003	31	6
6004	31	6
6005	31	6
6006	31	6
6007	31	6
6008	31	6
6009	31	6
6010	31	6
6011	31	6
6012	31	6
6013	31	6
6014	31	6
6015	31	5
6016	31	5
6017	31	5
6018	31	5
6019	31	5
6020	31	5
6021	31	5
6022	31	5
6023	31	5
6024	31	5
6025	31	5
6026	31	5
6027	31	5
6028	31	5
6029	31	5
6030	31	5
6031	31	5
6032	31	5
6033	31	5
6034	31	5
6035	31	5
6036	31	5
6037	31	5
6038	31	5
6039	31	5
6040	31	5
6041	31	5
6042	31	5
6043	31	5
6044	31	5
6045	31	5
6046	31	5
6047	31	5
6048	31	5
6049	31	5
6050	31	5
6051	31	5
6052	31	5
6053	31	5
6054	31	5
6055	31	5
6056	31	5
6057	31	5
6058	31	5
6059	31	5
6060	31	5
6061	31	5
6062	31	5
6063	31	5
6064	31	5
6065	31	5
6066	31	5
6067	31	5
6068	31	5
6069	31	5
6070	31	5
6071	31	5
6072	31	5
6073	31	5
6074	31	5
6075	31	5
6076	31	5
6077	31	5
6078	31	5
6079	31	5
6080	31	5
6081	31	5
6082	31	5
6083	31	5
6084	31	5
6085	31	5
6086	31	5
6087	31	5
6088	31	5
6089	31	5
6090	31	5
6091	31	5
6092	31	5
6093	31	5
6094	31	5
6095	31	5
6096	31	5
6097	31	5
6098	31	5
6099	31	5
6100	31	5
6101	31	5
6102	31	5
6103	31	5
6104	31	5
6105	31	5
6106	31	5
6107	31	5
6108	31	5
6109	31	5
6110	31	5
6111	31	5
6112	31	5
6113	31	5
6114	31	5
6115	31	5
6116	31	5
6117	31	5
6118	31	5
6119	31	5
6120	31	5
6121	31	5
6122	31	5
6123	31	5
6124	31	5
6125	31	5
6126	31	5
6127	31	5
6128	31	5
6129	31	5
6130	31	5
6131	31	5
6132	31	5
6133	31	6
