# Clock	In Chain	On Target
1	0	0
2	0	0
3	0	0
4	0	0
5	0	0
6	0	0
7	0	0
8	0	0
9	0	0
10	0	0
11	0	0
12	0	0
13	0	0
14	0	0
15	0	0
16	0	0
17	0	0
18	0	0
19	0	0
20	0	0
21	0	0
22	0	0
23	0	0
24	0	0
25	0	0
26	0	0
27	0	0
28	0	0
29	0	0
30	0	0
31	0	0
32	0	0
33	0	0
34	0	0
35	0	0
36	0	0
37	0	0
38	0	0
39	0	0
40	0	0
41	0	0
42	0	0
43	0	0
44	0	0
45	0	0
46	0	0
47	0	0
48	0	0
49	0	0
50	0	0
51	0	0
52	0	0
53	0	0
54	0	0
55	0	0
56	0	0
57	0	0
58	0	0
59	0	0
60	0	0
61	0	0
62	0	0
63	0	0
64	0	0
65	0	0
66	0	0
67	0	0
68	0	0
69	0	0
70	0	0
71	0	0
72	0	0
73	0	0
74	0	0
75	0	0
76	0	0
77	0	0
78	0	0
79	0	0
80	0	0
81	0	0
82	0	0
83	0	0
84	0	0
85	0	0
86	0	0
87	0	0
88	0	0
89	0	0
90	0	0
91	0	0
92	0	0
93	0	0
94	0	0
95	0	0
96	0	0
97	0	0
98	0	0
99	0	0
100	0	0
101	0	0
102	0	0
103	0	0
104	0	0
105	0	0
106	0	0
107	0	0
108	0	0
109	0	0
110	0	0
111	0	0
112	0	0
113	0	0
114	0	0
115	0	0
116	0	0
117	0	0
118	0	0
119	0	0
120	0	0
121	0	0
122	0	0
123	0	0
124	0	0
125	0	0
126	0	0
127	0	0
128	0	0
129	0	0
130	0	0
131	0	0
132	0	0
133	0	0
134	0	0
135	0	0
136	0	0
137	0	0
138	0	0
139	0	0
140	0	0
141	0	0
142	0	0
143	0	0
144	0	0
145	0	0
146	0	0
147	0	0
148	0	0
149	0	0
150	0	0
151	0	0
152	0	0
153	0	0
154	0	0
155	0	0
156	0	0
157	0	0
158	0	0
159	0	0
160	0	0
161	0	0
162	0	0
163	0	0
164	0	0
165	0	0
166	0	0
167	0	0
168	0	0
169	0	0
170	0	0
171	0	0
172	0	0
173	0	0
174	0	0
175	0	0
176	0	0
177	0	0
178	0	0
179	0	0
180	0	0
181	0	0
182	0	0
183	0	0
184	0	0
185	0	0
186	0	0
187	0	0
188	0	0
189	0	0
190	0	0
191	0	0
192	0	0
193	0	0
194	0	0
195	0	0
196	0	0
197	0	0
198	0	0
199	0	0
200	0	0
201	0	0
202	0	0
203	0	0
204	0	0
205	0	0
206	0	0
207	0	0
208	0	0
209	0	0
210	0	0
211	0	0
212	0	0
213	0	0
214	0	0
215	0	0
216	0	0
217	0	0
218	0	0
219	0	0
220	0	0
221	0	0
222	0	0
223	0	0
224	0	0
225	0	0
226	0	0
227	0	0
228	0	0
229	0	0
230	0	0
231	0	0
232	0	0
233	0	0
234	0	0
235	0	0
236	0	0
237	0	0
238	0	0
239	0	0
240	0	0
241	0	0
242	0	0
243	0	0
244	0	0
245	0	0
246	0	0
247	0	0
248	0	0
249	0	0
250	0	0
251	0	0
252	0	0
253	0	0
254	0	0
255	0	0
256	0	0
257	0	0
258	0	0
259	0	0
260	0	0
261	0	0
262	0	0
263	0	0
264	0	0
265	0	0
266	0	0
267	0	0
268	0	0
269	0	0
270	0	0
271	0	0
272	0	0
273	0	0
274	0	0
275	0	0
276	0	0
277	0	0
278	0	0
279	0	0
280	0	0
281	0	0
282	0	0
283	0	0
284	0	0
285	0	0
286	0	0
287	0	0
288	0	0
289	0	0
290	0	0
291	0	0
292	0	0
293	0	0
294	0	0
295	0	0
296	0	0
297	0	0
298	0	0
299	0	0
300	0	0
301	0	0
302	0	0
303	0	0
304	0	0
305	0	0
306	0	0
307	0	0
308	0	0
309	0	0
310	0	0
311	0	0
312	0	0
313	0	0
314	0	0
315	0	0
316	0	0
317	0	0
318	0	0
319	0	0
320	0	0
321	0	0
322	0	0
323	0	0
324	0	0
325	0	0
326	0	0
327	0	0
328	0	0
329	0	0
330	0	0
331	0	0
332	0	0
333	0	0
334	0	0
335	0	0
336	0	0
337	0	0
338	0	0
339	0	0
340	0	0
341	0	0
342	0	0
343	0	0
344	0	0
345	0	0
346	0	0
347	0	0
348	0	0
349	0	0
350	0	0
351	0	0
352	0	0
353	0	0
354	0	0
355	0	0
356	0	0
357	0	0
358	0	0
359	0	0
360	0	0
361	0	0
362	0	0
363	0	0
364	0	0
365	0	0
366	0	0
367	0	0
368	0	0
369	0	0
370	0	0
371	0	0
372	0	0
373	0	0
374	0	0
375	0	0
376	0	0
377	0	0
378	0	0
379	0	0
380	0	0
381	0	0
382	0	0
383	0	0
384	0	0
385	0	0
386	0	0
387	0	0
388	0	0
389	0	0
390	0	0
391	0	0
392	0	0
393	0	0
394	0	0
395	0	0
396	0	0
397	0	0
398	0	0
399	0	0
400	0	0
401	0	0
402	0	0
403	0	0
404	0	0
405	0	0
406	0	0
407	0	0
408	0	0
409	0	0
410	0	0
411	0	0
412	0	0
413	0	0
414	0	0
415	0	0
416	0	0
417	0	0
418	0	0
419	0	0
420	0	0
421	0	0
422	0	0
423	0	0
424	0	0
425	0	0
426	0	0
427	0	0
428	0	0
429	0	0
430	0	0
431	0	0
432	0	0
433	0	0
434	0	0
435	0	0
436	0	0
437	0	0
438	0	0
439	0	0
440	0	0
441	0	0
442	0	0
443	0	0
444	0	0
445	0	0
446	0	0
447	0	0
448	0	0
449	0	0
450	0	0
451	0	0
452	0	0
453	0	0
454	0	0
455	0	0
456	0	0
457	0	0
458	0	0
459	0	0
460	0	0
461	0	0
462	0	0
463	0	0
464	0	0
465	0	0
466	0	0
467	0	0
468	0	0
469	0	0
470	0	0
471	0	0
472	0	0
473	0	0
474	0	0
475	0	0
476	0	0
477	0	0
478	0	0
479	0	0
480	0	0
481	0	0
482	0	0
483	0	0
484	0	0
485	0	0
486	0	0
487	0	0
488	0	0
489	0	0
490	0	0
491	0	0
492	0	0
493	0	0
494	0	0
495	0	0
496	0	0
497	0	0
498	0	0
499	0	0
500	0	0
501	0	0
502	0	0
503	0	0
504	0	0
505	0	0
506	0	0
507	0	0
508	0	0
509	0	0
510	0	0
511	0	0
512	0	0
513	0	0
514	0	0
515	0	0
516	0	0
517	0	0
518	0	0
519	0	0
520	0	0
521	0	0
522	0	0
523	0	0
524	0	0
525	0	0
526	0	0
527	0	0
528	0	0
529	0	0
530	0	0
531	0	0
532	0	0
533	0	0
534	0	0
535	0	0
536	0	0
537	0	0
538	0	0
539	0	0
540	0	0
541	0	0
542	0	0
543	0	0
544	0	0
545	0	0
546	0	0
547	0	0
548	0	0
549	0	0
550	0	0
551	0	0
552	0	0
553	0	0
554	0	0
555	0	0
556	0	0
557	0	0
558	0	0
559	0	0
560	0	0
561	0	0
562	0	0
563	0	0
564	0	0
565	0	0
566	0	0
567	0	0
568	0	0
569	0	0
570	0	0
571	0	0
572	0	0
573	0	0
574	0	0
575	0	0
576	0	0
577	0	0
578	0	0
579	0	0
580	0	0
581	0	0
582	0	0
583	0	0
584	0	0
585	0	0
586	0	0
587	0	0
588	0	0
589	0	0
590	0	0
591	0	0
592	0	0
593	0	0
594	0	0
595	0	0
596	0	0
597	0	0
598	0	0
599	0	0
600	0	0
601	0	0
602	0	0
603	0	0
604	0	0
605	0	0
606	0	0
607	0	0
608	0	0
609	0	0
610	0	0
611	0	0
612	0	0
613	0	0
614	0	0
615	0	0
616	0	0
617	0	0
618	0	0
619	0	0
620	0	0
621	0	0
622	0	0
623	0	0
624	0	0
625	0	0
626	0	0
627	0	0
628	0	0
629	0	0
630	0	0
631	0	0
632	0	0
633	0	0
634	0	0
635	0	0
636	0	0
637	0	0
638	0	0
639	0	0
640	0	0
641	0	0
642	0	0
643	0	0
644	0	0
645	0	0
646	0	0
647	0	0
648	0	0
649	0	0
650	0	0
651	0	0
652	0	0
653	0	0
654	0	0
655	0	0
656	0	0
657	0	0
658	0	0
659	0	0
660	0	0
661	0	0
662	0	0
663	0	0
664	0	0
665	0	0
666	0	0
667	0	0
668	0	0
669	0	0
670	0	0
671	0	0
672	0	0
673	0	0
674	0	0
675	0	0
676	0	0
677	0	0
678	0	0
679	0	0
680	0	0
681	0	0
682	0	0
683	0	0
684	0	0
685	0	0
686	0	0
687	0	0
688	0	0
689	0	0
690	0	0
691	0	0
692	0	0
693	0	0
694	0	0
695	0	0
696	0	0
697	0	0
698	0	0
699	0	0
700	0	0
701	0	0
702	0	0
703	0	0
704	0	0
705	0	0
706	0	0
707	0	0
708	0	0
709	0	0
710	0	0
711	0	0
712	0	0
713	0	0
714	0	0
715	0	0
716	0	0
717	0	0
718	0	0
719	0	0
720	0	0
721	0	0
722	0	0
723	0	0
724	0	0
725	0	0
726	0	0
727	0	0
728	0	0
729	0	0
730	0	0
731	0	0
732	0	0
733	0	0
734	0	0
735	0	0
736	0	0
737	0	0
738	0	0
739	0	0
740	0	0
741	0	0
742	0	0
743	0	0
744	0	0
745	0	0
746	0	0
747	0	0
748	0	0
749	0	0
750	0	0
751	0	0
752	0	0
753	0	0
754	0	0
755	0	0
756	0	0
757	0	0
758	0	0
759	0	0
760	0	0
761	0	0
762	0	0
763	0	0
764	0	0
765	0	0
766	0	0
767	0	0
768	0	0
769	0	0
770	0	0
771	0	0
772	0	0
773	0	0
774	0	0
775	0	0
776	0	0
777	0	0
778	0	0
779	0	0
780	0	0
781	0	0
782	0	0
783	0	0
784	0	0
785	0	0
786	0	0
787	0	0
788	0	0
789	0	0
790	0	0
791	0	0
792	0	0
793	0	0
794	0	0
795	0	0
796	0	0
797	0	0
798	0	0
799	0	0
800	0	0
801	0	0
802	0	0
803	0	0
804	0	0
805	0	0
806	0	0
807	0	0
808	0	0
809	0	0
810	0	0
811	0	0
812	0	0
813	0	0
814	0	0
815	0	0
816	0	0
817	0	0
818	0	0
819	0	0
820	0	0
821	0	0
822	0	0
823	0	0
824	0	0
825	0	0
826	0	0
827	0	0
828	0	0
829	0	0
830	0	0
831	0	0
832	0	0
833	0	0
834	0	0
835	0	0
836	0	0
837	0	0
838	0	0
839	0	0
840	0	0
841	0	0
842	0	0
843	0	0
844	0	0
845	0	0
846	0	0
847	0	0
848	0	0
849	0	0
850	0	0
851	0	0
852	0	0
853	0	0
854	0	0
855	0	0
856	0	0
857	0	0
858	0	0
859	0	0
860	0	0
861	0	0
862	0	0
863	0	0
864	0	0
865	0	0
866	0	0
867	0	0
868	0	0
869	0	0
870	0	0
871	0	0
872	0	0
873	0	0
874	0	0
875	1	0
876	1	0
877	1	0
878	1	0
879	1	0
880	1	0
881	1	0
882	1	0
883	1	0
884	1	0
885	1	0
886	1	0
887	1	0
888	1	0
889	1	0
890	1	0
891	1	0
892	1	0
893	1	0
894	1	0
895	1	0
896	1	0
897	1	0
898	1	0
899	1	0
900	1	0
901	1	0
902	1	0
903	1	0
904	1	0
905	1	0
906	1	0
907	1	0
908	1	0
909	1	0
910	1	0
911	1	0
912	1	0
913	1	0
914	1	0
915	1	0
916	1	0
917	1	0
918	1	0
919	1	0
920	1	0
921	2	0
922	2	0
923	2	0
924	2	0
925	2	0
926	2	0
927	2	0
928	2	0
929	2	0
930	2	0
931	2	0
932	2	0
933	2	0
934	2	0
935	2	0
936	2	0
937	2	0
938	2	0
939	2	0
940	2	0
941	2	0
942	2	0
943	2	0
944	2	0
945	2	0
946	2	0
947	2	0
948	2	0
949	2	0
950	2	0
951	2	0
952	2	0
953	2	0
954	2	0
955	2	0
956	2	0
957	2	0
958	2	0
959	2	0
960	2	0
961	2	0
962	2	0
963	2	0
964	2	0
965	2	0
966	2	0
967	2	0
968	2	0
969	2	0
970	2	0
971	2	0
972	2	0
973	2	0
974	2	0
975	2	0
976	2	0
977	2	0
978	2	0
979	2	0
980	2	0
981	2	0
982	2	0
983	2	0
984	2	0
985	2	0
986	2	0
987	2	0
988	2	0
989	2	0
990	2	0
991	2	0
992	2	0
993	2	0
994	2	0
995	2	0
996	2	0
997	2	0
998	2	0
999	2	0
1000	2	0
1001	2	0
1002	2	0
1003	2	0
1004	2	0
1005	2	0
1006	2	0
1007	2	0
1008	2	0
1009	2	0
1010	2	0
1011	2	0
1012	2	0
1013	2	0
1014	2	0
1015	2	0
1016	2	0
1017	2	0
1018	2	0
1019	2	0
1020	2	0
1021	2	0
1022	2	0
1023	2	0
1024	2	0
1025	2	0
1026	2	0
1027	2	0
1028	2	0
1029	2	0
1030	2	0
1031	2	0
1032	2	0
1033	2	0
1034	2	0
1035	2	0
1036	2	0
1037	2	0
1038	2	0
1039	2	0
1040	2	0
1041	2	0
1042	2	0
1043	2	0
1044	2	0
1045	2	0
1046	2	0
1047	2	0
1048	2	0
1049	2	0
1050	2	0
1051	2	0
1052	2	0
1053	2	0
1054	2	0
1055	2	0
1056	2	0
1057	2	0
1058	2	0
1059	2	0
1060	2	0
1061	2	0
1062	2	0
1063	2	0
1064	2	0
1065	2	0
1066	2	0
1067	2	0
1068	2	0
1069	2	0
1070	2	0
1071	2	0
1072	2	0
1073	2	0
1074	2	0
1075	2	0
1076	2	0
1077	2	0
1078	2	0
1079	2	0
1080	2	0
1081	2	0
1082	2	0
1083	2	0
1084	2	0
1085	2	0
1086	2	0
1087	2	0
1088	2	0
1089	2	0
1090	2	0
1091	2	0
1092	2	0
1093	2	0
1094	2	0
1095	2	0
1096	2	0
1097	2	0
1098	2	0
1099	2	0
1100	2	0
1101	2	0
1102	2	0
1103	2	0
1104	2	0
1105	2	0
1106	2	0
1107	2	0
1108	2	0
1109	2	0
1110	2	0
1111	2	0
1112	2	0
1113	2	0
1114	2	0
1115	2	0
1116	2	0
1117	2	0
1118	2	0
1119	2	0
1120	2	0
1121	2	0
1122	2	0
1123	2	0
1124	2	0
1125	2	0
1126	2	0
1127	2	0
1128	2	0
1129	2	0
1130	2	0
1131	2	0
1132	2	0
1133	2	0
1134	2	0
1135	2	0
1136	2	0
1137	2	0
1138	2	0
1139	2	0
1140	2	0
1141	2	0
1142	2	0
1143	2	0
1144	2	0
1145	2	0
1146	2	0
1147	2	0
1148	2	0
1149	2	0
1150	2	0
1151	2	0
1152	2	0
1153	2	0
1154	3	0
1155	3	0
1156	3	0
1157	3	0
1158	3	0
1159	3	0
1160	3	0
1161	3	0
1162	3	0
1163	3	0
1164	3	0
1165	3	0
1166	3	0
1167	3	0
1168	3	0
1169	3	0
1170	3	0
1171	3	0
1172	3	0
1173	3	0
1174	3	0
1175	3	0
1176	3	0
1177	3	0
1178	3	0
1179	3	0
1180	3	0
1181	3	0
1182	3	0
1183	3	0
1184	3	0
1185	3	0
1186	3	0
1187	3	0
1188	3	0
1189	3	0
1190	3	0
1191	3	0
1192	3	0
1193	3	0
1194	3	0
1195	3	0
1196	3	0
1197	3	0
1198	3	0
1199	3	0
1200	3	0
1201	3	0
1202	3	0
1203	3	0
1204	3	0
1205	3	0
1206	3	0
1207	3	0
1208	3	0
1209	3	0
1210	3	0
1211	3	0
1212	3	0
1213	3	0
1214	3	0
1215	3	0
1216	3	0
1217	3	0
1218	3	0
1219	3	0
1220	3	0
1221	3	0
1222	3	0
1223	3	0
1224	3	0
1225	3	0
1226	3	0
1227	3	0
1228	3	0
1229	3	0
1230	3	0
1231	3	0
1232	3	0
1233	3	0
1234	3	0
1235	3	0
1236	3	0
1237	3	0
1238	3	0
1239	3	0
1240	3	0
1241	3	0
1242	3	0
1243	3	0
1244	3	0
1245	3	0
1246	3	0
1247	3	0
1248	3	0
1249	3	0
1250	3	0
1251	3	0
1252	3	0
1253	3	0
1254	3	0
1255	3	0
1256	3	0
1257	3	0
1258	3	0
1259	3	0
1260	3	0
1261	3	0
1262	3	0
1263	3	0
1264	3	0
1265	3	0
1266	3	0
1267	3	0
1268	3	0
1269	3	0
1270	3	0
1271	3	0
1272	3	0
1273	3	0
1274	3	0
1275	3	0
1276	3	0
1277	3	0
1278	3	0
1279	3	0
1280	3	0
1281	3	0
1282	3	0
1283	3	0
1284	3	0
1285	3	0
1286	3	0
1287	3	0
1288	3	0
1289	3	0
1290	3	0
1291	3	0
1292	3	0
1293	3	0
1294	3	0
1295	3	0
1296	3	0
1297	3	0
1298	3	0
1299	3	0
1300	3	0
1301	3	0
1302	3	0
1303	3	0
1304	3	0
1305	3	0
1306	3	0
1307	3	0
1308	3	0
1309	3	0
1310	3	0
1311	3	0
1312	3	0
1313	3	0
1314	3	0
1315	3	0
1316	3	0
1317	3	0
1318	3	0
1319	3	0
1320	3	0
1321	3	0
1322	3	0
1323	3	0
1324	3	0
1325	3	0
1326	3	0
1327	3	0
1328	3	0
1329	3	0
1330	3	0
1331	3	0
1332	3	0
1333	3	0
1334	3	0
1335	3	0
1336	3	0
1337	3	0
1338	3	0
1339	3	0
1340	3	0
1341	3	0
1342	3	0
1343	3	0
1344	3	0
1345	3	0
1346	3	0
1347	3	0
1348	3	0
1349	3	0
1350	3	0
1351	3	0
1352	3	0
1353	3	0
1354	3	0
1355	3	0
1356	3	0
1357	3	0
1358	3	0
1359	3	0
1360	3	0
1361	3	0
1362	3	0
1363	3	0
1364	3	0
1365	3	0
1366	3	0
1367	3	0
1368	3	0
1369	3	0
1370	3	0
1371	3	0
1372	3	0
1373	3	0
1374	3	0
1375	3	0
1376	3	0
1377	3	0
1378	3	0
1379	3	0
1380	3	0
1381	3	0
1382	3	0
1383	3	0
1384	3	0
1385	3	0
1386	3	0
1387	3	0
1388	3	0
1389	3	0
1390	3	0
1391	3	0
1392	3	0
1393	3	0
1394	3	0
1395	3	0
1396	3	0
1397	3	0
1398	3	0
1399	3	0
1400	3	0
1401	3	0
1402	3	0
1403	3	0
1404	3	0
1405	3	0
1406	3	0
1407	3	0
1408	3	0
1409	3	0
1410	3	0
1411	3	0
1412	3	0
1413	3	0
1414	3	0
1415	3	0
1416	3	0
1417	3	0
1418	3	0
1419	3	0
1420	3	0
1421	3	0
1422	3	0
1423	3	0
1424	3	0
1425	3	0
1426	3	0
1427	3	0
1428	3	0
1429	3	0
1430	3	0
1431	3	0
1432	3	0
1433	3	0
1434	3	0
1435	3	0
1436	3	0
1437	3	0
1438	3	0
1439	3	0
1440	3	0
1441	3	0
1442	3	0
1443	3	0
1444	3	0
1445	3	0
1446	3	0
1447	3	0
1448	3	0
1449	3	0
1450	3	0
1451	3	0
1452	3	0
1453	3	0
1454	3	0
1455	3	0
1456	3	0
1457	3	0
1458	3	0
1459	3	0
1460	3	0
1461	3	0
1462	3	0
1463	3	0
1464	3	0
1465	3	0
1466	3	0
1467	3	0
1468	3	0
1469	3	0
1470	3	0
1471	3	0
1472	3	0
1473	3	0
1474	3	0
1475	3	0
1476	3	0
1477	3	0
1478	3	0
1479	3	0
1480	3	0
1481	3	0
1482	3	0
1483	3	0
1484	3	0
1485	3	0
1486	3	0
1487	3	0
1488	3	0
1489	3	0
1490	3	0
1491	3	0
1492	3	0
1493	3	0
1494	3	0
1495	3	0
1496	3	0
1497	3	0
1498	3	0
1499	3	0
1500	3	0
1501	3	0
1502	3	0
1503	3	0
1504	3	0
1505	3	0
1506	3	0
1507	3	0
1508	3	0
1509	3	0
1510	3	0
1511	3	0
1512	3	0
1513	3	0
1514	3	0
1515	3	0
1516	3	0
1517	3	0
1518	3	0
1519	3	0
1520	3	0
1521	3	0
1522	3	0
1523	3	0
1524	3	0
1525	3	0
1526	3	0
1527	3	0
1528	3	0
1529	3	0
1530	3	0
1531	3	0
1532	3	0
1533	3	0
1534	3	0
1535	3	0
1536	3	0
1537	3	0
1538	3	0
1539	3	0
1540	3	0
1541	3	0
1542	3	0
1543	3	0
1544	3	0
1545	3	0
1546	3	0
1547	3	0
1548	3	0
1549	3	0
1550	3	0
1551	3	0
1552	3	0
1553	3	0
1554	3	0
1555	3	0
1556	3	0
1557	3	0
1558	3	0
1559	3	0
1560	3	0
1561	3	0
1562	3	0
1563	3	0
1564	3	0
1565	3	0
1566	3	0
1567	3	0
1568	3	0
1569	3	0
1570	3	0
1571	3	0
1572	3	0
1573	3	0
1574	3	0
1575	3	0
1576	3	0
1577	3	0
1578	3	0
1579	3	0
1580	3	0
1581	3	0
1582	3	0
1583	3	0
1584	3	0
1585	3	0
1586	3	0
1587	3	0
1588	3	0
1589	3	0
1590	3	0
1591	3	0
1592	3	0
1593	3	0
1594	3	0
1595	3	0
1596	3	0
1597	3	0
1598	3	0
1599	3	0
1600	3	0
1601	3	0
1602	3	0
1603	3	0
1604	3	0
1605	3	0
1606	3	0
1607	3	0
1608	3	0
1609	3	0
1610	3	0
1611	3	0
1612	3	0
1613	3	0
1614	3	0
1615	3	0
1616	3	0
1617	3	0
1618	3	0
1619	3	0
1620	3	0
1621	3	0
1622	3	0
1623	3	0
1624	3	0
1625	3	0
1626	3	0
1627	3	0
1628	3	0
1629	3	0
1630	3	0
1631	3	0
1632	3	0
1633	3	0
1634	3	0
1635	3	0
1636	3	0
1637	3	0
1638	3	0
1639	3	0
1640	3	0
1641	3	0
1642	3	0
1643	3	0
1644	3	0
1645	3	0
1646	3	0
1647	3	0
1648	3	0
1649	3	0
1650	3	0
1651	3	0
1652	3	0
1653	3	0
1654	3	0
1655	3	0
1656	3	0
1657	3	0
1658	3	0
1659	3	0
1660	3	0
1661	3	0
1662	4	0
1663	4	0
1664	4	0
1665	4	0
1666	4	0
1667	4	0
1668	4	0
1669	4	0
1670	4	0
1671	4	0
1672	4	0
1673	4	0
1674	4	0
1675	4	0
1676	4	0
1677	4	0
1678	4	0
1679	4	0
1680	4	0
1681	4	0
1682	4	0
1683	4	0
1684	4	0
1685	4	0
1686	5	0
1687	5	0
1688	5	0
1689	5	0
1690	5	0
1691	5	0
1692	5	0
1693	5	0
1694	5	0
1695	5	0
1696	5	0
1697	5	0
1698	5	0
1699	5	0
1700	5	0
1701	5	0
1702	5	0
1703	5	0
1704	5	0
1705	5	0
1706	5	0
1707	5	0
1708	5	0
1709	5	0
1710	5	0
1711	5	0
1712	5	0
1713	5	0
1714	5	0
1715	5	0
1716	5	0
1717	5	0
1718	5	0
1719	5	0
1720	5	0
1721	5	0
1722	5	0
1723	5	0
1724	5	0
1725	5	0
1726	5	0
1727	5	0
1728	5	0
1729	5	0
1730	5	0
1731	5	0
1732	5	0
1733	5	0
1734	5	0
1735	5	0
1736	5	0
1737	5	0
1738	5	0
1739	5	0
1740	5	0
1741	5	0
1742	5	0
1743	5	0
1744	5	0
1745	5	0
1746	5	0
1747	5	0
1748	5	0
1749	5	0
1750	5	0
1751	5	0
1752	5	0
1753	5	0
1754	5	0
1755	5	0
1756	5	0
1757	5	0
1758	5	0
1759	5	0
1760	5	0
1761	5	0
1762	5	0
1763	5	0
1764	5	0
1765	5	0
1766	5	0
1767	5	0
1768	5	0
1769	5	0
1770	5	0
1771	5	0
1772	5	0
1773	5	0
1774	5	0
1775	5	0
1776	5	0
1777	5	0
1778	5	0
1779	5	0
1780	5	0
1781	5	0
1782	5	0
1783	5	0
1784	5	0
1785	5	0
1786	5	0
1787	5	0
1788	5	0
1789	5	0
1790	5	0
1791	5	0
1792	5	0
1793	5	0
1794	5	0
1795	5	0
1796	5	0
1797	5	0
1798	5	0
1799	5	0
1800	5	0
1801	5	0
1802	5	0
1803	5	0
1804	5	0
1805	5	0
1806	5	0
1807	5	0
1808	5	0
1809	5	0
1810	5	0
1811	5	0
1812	5	0
1813	5	0
1814	5	0
1815	5	0
1816	5	0
1817	5	0
1818	5	0
1819	5	0
1820	5	0
1821	5	0
1822	5	0
1823	5	0
1824	5	0
1825	5	0
1826	5	0
1827	5	0
1828	5	0
1829	5	0
1830	5	0
1831	5	0
1832	5	0
1833	5	0
1834	5	0
1835	5	0
1836	5	0
1837	5	0
1838	5	0
1839	5	0
1840	5	0
1841	5	0
1842	5	0
1843	5	0
1844	5	0
1845	5	0
1846	5	0
1847	5	0
1848	5	0
1849	5	0
1850	5	0
1851	5	0
1852	5	0
1853	5	0
1854	5	0
1855	5	0
1856	5	0
1857	5	0
1858	5	0
1859	5	0
1860	5	0
1861	5	0
1862	5	0
1863	5	0
1864	5	0
1865	5	0
1866	5	0
1867	5	0
1868	5	0
1869	5	0
1870	5	0
1871	5	0
1872	5	0
1873	5	0
1874	5	0
1875	5	0
1876	5	0
1877	5	0
1878	5	0
1879	5	0
1880	5	0
1881	5	0
1882	5	0
1883	5	0
1884	5	0
1885	5	0
1886	5	0
1887	5	0
1888	5	0
1889	5	0
1890	5	0
1891	5	0
1892	5	0
1893	5	0
1894	5	0
1895	5	0
1896	5	0
1897	5	0
1898	5	0
1899	5	0
1900	5	0
1901	5	0
1902	5	0
1903	5	0
1904	5	0
1905	5	0
1906	5	0
1907	5	0
1908	5	0
1909	5	0
1910	5	0
1911	5	0
1912	5	0
1913	5	0
1914	5	0
1915	5	0
1916	5	0
1917	5	0
1918	5	0
1919	5	0
1920	5	0
1921	5	0
1922	5	0
1923	5	0
1924	5	0
1925	5	0
1926	5	0
1927	5	0
1928	5	0
1929	5	0
1930	5	0
1931	5	0
1932	5	0
1933	5	0
1934	5	0
1935	5	0
1936	5	0
1937	5	0
1938	5	0
1939	5	0
1940	5	0
1941	5	0
1942	5	0
1943	5	0
1944	5	0
1945	5	0
1946	5	0
1947	5	0
1948	5	0
1949	5	0
1950	5	0
1951	5	0
1952	5	0
1953	5	0
1954	5	0
1955	6	0
1956	6	0
1957	6	0
1958	6	0
1959	6	0
1960	6	0
1961	6	0
1962	6	0
1963	6	0
1964	6	0
1965	6	0
1966	6	0
1967	6	0
1968	6	0
1969	6	0
1970	6	0
1971	6	0
1972	6	0
1973	6	0
1974	6	0
1975	6	0
1976	6	0
1977	6	0
1978	6	0
1979	6	0
1980	6	0
1981	6	0
1982	6	0
1983	6	0
1984	6	0
1985	6	0
1986	6	0
1987	6	0
1988	6	0
1989	6	0
1990	6	0
1991	6	0
1992	6	0
1993	6	0
1994	6	0
1995	6	0
1996	7	0
1997	7	0
1998	7	0
1999	7	0
2000	7	0
2001	7	0
2002	7	0
2003	7	0
2004	7	0
2005	7	0
2006	7	0
2007	7	0
2008	7	0
2009	7	0
2010	7	0
2011	7	0
2012	7	0
2013	7	0
2014	7	0
2015	7	0
2016	7	0
2017	7	0
2018	7	0
2019	7	0
2020	7	0
2021	7	0
2022	7	0
2023	7	0
2024	7	0
2025	7	0
2026	7	0
2027	7	0
2028	7	0
2029	7	0
2030	7	0
2031	7	0
2032	7	0
2033	7	0
2034	7	0
2035	7	0
2036	7	0
2037	7	0
2038	7	0
2039	7	0
2040	7	0
2041	7	0
2042	7	0
2043	7	0
2044	7	0
2045	7	0
2046	7	0
2047	7	0
2048	7	0
2049	7	0
2050	7	0
2051	7	0
2052	7	0
2053	7	0
2054	7	0
2055	7	0
2056	7	0
2057	7	0
2058	7	0
2059	7	0
2060	7	0
2061	7	0
2062	7	0
2063	7	0
2064	7	0
2065	7	0
2066	7	0
2067	7	0
2068	7	0
2069	7	0
2070	7	0
2071	7	0
2072	7	0
2073	7	0
2074	7	0
2075	7	0
2076	7	0
2077	7	0
2078	7	0
2079	7	0
2080	7	0
2081	7	0
2082	7	0
2083	7	0
2084	7	0
2085	7	0
2086	7	0
2087	7	0
2088	7	0
2089	7	0
2090	7	0
2091	7	0
2092	7	0
2093	7	0
2094	7	0
2095	7	0
2096	7	0
2097	7	0
2098	7	0
2099	7	0
2100	7	0
2101	7	0
2102	7	0
2103	7	0
2104	7	0
2105	7	0
2106	7	0
2107	7	0
2108	7	0
2109	7	0
2110	7	0
2111	7	0
2112	7	0
2113	7	0
2114	7	0
2115	7	0
2116	7	0
2117	7	0
2118	7	0
2119	7	0
2120	7	0
2121	7	0
2122	7	0
2123	7	0
2124	7	0
2125	7	0
2126	7	0
2127	7	0
2128	7	0
2129	7	0
2130	7	0
2131	7	0
2132	7	0
2133	7	0
2134	7	0
2135	8	0
2136	8	0
2137	8	0
2138	8	0
2139	8	0
2140	8	0
2141	8	0
2142	8	0
2143	8	0
2144	8	0
2145	8	0
2146	8	0
2147	8	0
2148	8	0
2149	8	0
2150	8	0
2151	8	0
2152	8	0
2153	8	0
2154	8	0
2155	8	0
2156	8	0
2157	8	0
2158	8	0
2159	8	0
2160	8	0
2161	8	0
2162	8	0
2163	8	0
2164	8	0
2165	8	0
2166	8	0
2167	8	0
2168	8	0
2169	8	0
2170	8	0
2171	8	0
2172	8	0
2173	8	0
2174	8	0
2175	8	0
2176	8	0
2177	8	0
2178	8	0
2179	8	0
2180	8	0
2181	8	0
2182	8	0
2183	8	0
2184	8	0
2185	8	0
2186	9	0
2187	9	0
2188	9	0
2189	9	0
2190	9	0
2191	9	0
2192	9	0
2193	9	0
2194	9	0
2195	9	0
2196	9	0
2197	9	0
2198	9	0
2199	9	0
2200	9	0
2201	9	0
2202	9	0
2203	9	0
2204	9	0
2205	9	0
2206	9	0
2207	9	0
2208	9	0
2209	9	0
2210	9	0
2211	9	0
2212	9	0
2213	9	0
2214	9	0
2215	9	0
2216	9	0
2217	9	0
2218	9	0
2219	9	0
2220	9	0
2221	9	0
2222	9	0
2223	9	0
2224	9	0
2225	9	0
2226	9	0
2227	9	0
2228	9	0
2229	9	0
2230	9	0
2231	9	0
2232	9	0
2233	9	0
2234	9	0
2235	9	0
2236	9	0
2237	9	0
2238	9	0
2239	9	0
2240	9	0
2241	9	0
2242	9	0
2243	9	0
2244	9	0
2245	9	0
2246	9	0
2247	9	0
2248	9	0
2249	9	0
2250	9	0
2251	9	0
2252	9	0
2253	9	0
2254	10	0
2255	10	0
2256	10	0
2257	10	0
2258	10	0
2259	10	0
2260	10	0
2261	10	0
2262	10	0
2263	10	0
2264	10	0
2265	10	0
2266	10	0
2267	10	0
2268	10	0
2269	10	0
2270	10	0
2271	10	0
2272	10	0
2273	10	0
2274	10	0
2275	10	0
2276	10	0
2277	10	0
2278	10	0
2279	10	0
2280	10	0
2281	10	0
2282	10	0
2283	10	0
2284	10	0
2285	10	0
2286	10	0
2287	10	0
2288	10	0
2289	10	0
2290	10	0
2291	10	0
2292	10	0
2293	10	0
2294	10	0
2295	10	0
2296	10	0
2297	10	0
2298	10	0
2299	10	0
2300	10	0
2301	10	0
2302	10	0
2303	10	0
2304	10	0
2305	10	0
2306	10	0
2307	10	0
2308	10	0
2309	10	0
2310	10	0
2311	10	0
2312	10	0
2313	10	0
2314	10	0
2315	10	0
2316	10	0
2317	10	0
2318	10	0
2319	10	0
2320	10	0
2321	10	0
2322	10	0
2323	10	0
2324	10	0
2325	10	0
2326	10	0
2327	10	0
2328	10	0
2329	10	0
2330	10	0
2331	10	0
2332	10	0
2333	10	0
2334	10	0
2335	10	0
2336	10	0
2337	10	0
2338	10	0
2339	10	0
2340	10	0
2341	10	0
2342	10	0
2343	10	0
2344	10	0
2345	10	0
2346	10	0
2347	10	0
2348	10	0
2349	10	0
2350	10	0
2351	10	0
2352	10	0
2353	10	0
2354	10	0
2355	10	0
2356	10	0
2357	10	0
2358	10	0
2359	10	0
2360	10	0
2361	10	0
2362	10	0
2363	10	0
2364	10	0
2365	10	0
2366	10	0
2367	10	0
2368	10	0
2369	10	0
2370	10	0
2371	10	0
2372	10	0
2373	10	0
2374	10	0
2375	10	0
2376	10	0
2377	10	0
2378	10	0
2379	10	0
2380	10	0
2381	10	0
2382	10	0
2383	10	0
2384	10	0
2385	10	0
2386	10	0
2387	10	0
2388	10	0
2389	10	0
2390	10	0
2391	10	0
2392	10	0
2393	10	0
2394	10	0
2395	10	0
2396	10	0
2397	10	0
2398	10	0
2399	10	0
2400	10	0
2401	10	0
2402	10	0
2403	10	0
2404	10	0
2405	10	0
2406	10	0
2407	10	0
2408	10	0
2409	10	0
2410	10	0
2411	10	0
2412	10	0
2413	10	0
2414	10	0
2415	10	0
2416	10	0
2417	10	0
2418	10	0
2419	10	0
2420	10	0
2421	10	0
2422	10	0
2423	10	0
2424	10	0
2425	10	0
2426	10	0
2427	10	0
2428	10	0
2429	10	0
2430	10	0
2431	10	0
2432	10	0
2433	10	0
2434	10	0
2435	10	0
2436	10	0
2437	11	0
2438	11	0
2439	11	0
2440	11	0
2441	11	0
2442	11	0
2443	11	0
2444	11	0
2445	11	0
2446	11	0
2447	11	0
2448	11	0
2449	11	0
2450	11	0
2451	11	0
2452	11	0
2453	11	0
2454	11	0
2455	11	0
2456	11	0
2457	11	0
2458	11	0
2459	11	0
2460	11	0
2461	11	0
2462	11	0
2463	11	0
2464	11	0
2465	11	0
2466	11	0
2467	11	0
2468	11	0
2469	11	0
2470	11	0
2471	11	0
2472	11	0
2473	11	0
2474	11	0
2475	11	0
2476	11	0
2477	11	0
2478	11	0
2479	11	0
2480	11	0
2481	11	0
2482	11	0
2483	11	0
2484	11	0
2485	11	0
2486	11	0
2487	11	0
2488	11	0
2489	11	0
2490	11	0
2491	12	0
2492	12	0
2493	12	0
2494	12	0
2495	12	0
2496	12	0
2497	12	0
2498	12	0
2499	12	0
2500	12	0
2501	12	0
2502	12	0
2503	12	0
2504	12	0
2505	12	0
2506	12	0
2507	12	0
2508	12	0
2509	12	0
2510	12	0
2511	12	0
2512	12	0
2513	12	0
2514	12	0
2515	12	0
2516	12	0
2517	12	0
2518	12	0
2519	12	0
2520	12	0
2521	13	0
2522	13	0
2523	13	0
2524	13	0
2525	13	0
2526	13	0
2527	13	0
2528	13	0
2529	13	0
2530	13	0
2531	13	0
2532	13	0
2533	13	0
2534	13	0
2535	13	0
2536	13	0
2537	13	0
2538	13	0
2539	13	0
2540	13	0
2541	13	0
2542	13	0
2543	13	0
2544	13	0
2545	13	0
2546	13	0
2547	13	0
2548	13	0
2549	13	0
2550	13	0
2551	13	0
2552	13	0
2553	13	0
2554	13	0
2555	13	0
2556	13	0
2557	13	0
2558	13	0
2559	13	0
2560	13	0
2561	13	0
2562	13	0
2563	13	0
2564	13	0
2565	13	0
2566	13	0
2567	13	0
2568	13	0
2569	13	0
2570	13	0
2571	13	0
2572	13	0
2573	13	0
2574	13	0
2575	13	0
2576	13	0
2577	13	0
2578	13	0
2579	13	0
2580	13	0
2581	13	0
2582	13	0
2583	13	0
2584	13	0
2585	13	0
2586	13	0
2587	13	0
2588	13	0
2589	13	0
2590	13	0
2591	13	0
2592	13	0
2593	13	0
2594	13	0
2595	13	0
2596	13	0
2597	13	0
2598	13	0
2599	13	0
2600	13	0
2601	13	0
2602	13	0
2603	13	0
2604	13	0
2605	13	0
2606	13	0
2607	13	0
2608	13	0
2609	13	0
2610	13	0
2611	13	0
2612	13	0
2613	13	0
2614	13	0
2615	13	0
2616	13	0
2617	13	0
2618	13	0
2619	13	0
2620	13	0
2621	13	0
2622	13	0
2623	13	0
2624	13	0
2625	13	0
2626	13	0
2627	13	0
2628	13	0
2629	13	0
2630	13	0
2631	13	0
2632	13	0
2633	13	0
2634	13	0
2635	13	0
2636	13	0
2637	13	0
2638	13	0
2639	13	0
2640	13	0
2641	13	0
2642	13	0
2643	13	0
2644	13	0
2645	13	0
2646	13	0
2647	13	0
2648	13	0
2649	13	0
2650	13	0
2651	13	0
2652	13	0
2653	13	0
2654	13	0
2655	13	0
2656	13	0
2657	13	0
2658	13	0
2659	13	0
2660	13	0
2661	13	0
2662	13	0
2663	13	0
2664	13	0
2665	13	0
2666	13	0
2667	13	0
2668	13	0
2669	13	0
2670	13	0
2671	13	0
2672	13	0
2673	13	0
2674	13	0
2675	13	0
2676	13	0
2677	13	0
2678	13	0
2679	13	0
2680	13	0
2681	13	0
2682	13	0
2683	13	0
2684	13	0
2685	13	0
2686	13	0
2687	13	0
2688	13	0
2689	13	0
2690	13	0
2691	13	0
2692	13	0
2693	13	0
2694	13	0
2695	13	0
2696	13	0
2697	13	0
2698	13	0
2699	13	0
2700	13	0
2701	13	0
2702	13	0
2703	13	0
2704	13	0
2705	13	0
2706	13	0
2707	13	0
2708	13	0
2709	13	0
2710	13	0
2711	13	0
2712	13	0
2713	13	0
2714	13	0
2715	13	0
2716	13	0
2717	13	0
2718	13	0
2719	13	0
2720	13	0
2721	13	0
2722	13	0
2723	13	0
2724	14	0
2725	14	0
2726	14	0
2727	14	0
2728	14	0
2729	14	0
2730	14	0
2731	14	0
2732	14	0
2733	14	0
2734	14	0
2735	14	0
2736	14	0
2737	14	0
2738	14	0
2739	14	0
2740	14	0
2741	14	0
2742	14	0
2743	14	0
2744	14	0
2745	14	0
2746	14	0
2747	14	0
2748	14	0
2749	14	0
2750	14	0
2751	15	0
2752	15	0
2753	15	0
2754	15	0
2755	15	0
2756	15	0
2757	15	0
2758	15	0
2759	15	0
2760	15	0
2761	15	0
2762	15	0
2763	15	0
2764	15	0
2765	15	0
2766	15	0
2767	15	0
2768	15	0
2769	15	0
2770	15	0
2771	15	0
2772	15	0
2773	15	0
2774	15	0
2775	15	0
2776	15	0
2777	15	0
2778	15	0
2779	15	0
2780	15	0
2781	15	0
2782	15	0
2783	15	0
2784	15	0
2785	15	0
2786	15	0
2787	15	0
2788	15	0
2789	15	0
2790	15	0
2791	15	0
2792	15	0
2793	15	0
2794	15	0
2795	15	0
2796	15	0
2797	15	0
2798	15	0
2799	15	0
2800	15	0
2801	15	0
2802	15	0
2803	15	0
2804	15	0
2805	15	0
2806	15	0
2807	15	0
2808	15	0
2809	15	0
2810	15	0
2811	15	0
2812	15	0
2813	15	0
2814	15	0
2815	15	0
2816	15	0
2817	15	0
2818	15	0
2819	15	0
2820	15	0
2821	15	0
2822	15	0
2823	15	0
2824	15	0
2825	15	0
2826	15	0
2827	15	0
2828	15	0
2829	15	0
2830	15	0
2831	15	0
2832	15	0
2833	15	0
2834	15	0
2835	15	0
2836	15	0
2837	15	0
2838	15	0
2839	15	0
2840	15	0
2841	15	0
2842	15	0
2843	15	0
2844	15	0
2845	15	0
2846	15	0
2847	15	0
2848	15	0
2849	15	0
2850	15	0
2851	15	0
2852	15	0
2853	15	0
2854	15	0
2855	15	0
2856	15	0
2857	15	0
2858	15	0
2859	15	0
2860	15	0
2861	15	0
2862	15	0
2863	15	0
2864	15	0
2865	15	0
2866	15	0
2867	15	0
2868	15	0
2869	15	0
2870	15	0
2871	15	0
2872	15	0
2873	15	0
2874	15	0
2875	15	0
2876	15	0
2877	15	0
2878	15	0
2879	15	0
2880	15	0
2881	15	0
2882	15	0
2883	15	0
2884	15	0
2885	15	0
2886	15	0
2887	15	0
2888	15	0
2889	15	0
2890	15	0
2891	15	0
2892	15	0
2893	15	0
2894	15	0
2895	15	0
2896	15	0
2897	15	0
2898	15	0
2899	15	0
2900	15	0
2901	15	0
2902	15	0
2903	15	0
2904	15	0
2905	15	0
2906	15	0
2907	15	0
2908	15	0
2909	15	0
2910	15	0
2911	15	0
2912	15	0
2913	15	0
2914	15	0
2915	15	0
2916	15	0
2917	15	0
2918	15	0
2919	15	0
2920	15	0
2921	15	0
2922	15	0
2923	15	0
2924	15	0
2925	15	0
2926	15	0
2927	15	0
2928	15	0
2929	15	0
2930	15	0
2931	15	0
2932	15	0
2933	15	0
2934	15	0
2935	15	0
2936	15	0
2937	15	0
2938	15	0
2939	15	0
2940	15	0
2941	15	0
2942	15	0
2943	15	0
2944	15	0
2945	15	0
2946	15	0
2947	15	0
2948	15	0
2949	15	0
2950	15	0
2951	15	0
2952	15	0
2953	15	0
2954	15	0
2955	15	0
2956	15	0
2957	15	0
2958	15	0
2959	15	0
2960	15	0
2961	15	0
2962	15	0
2963	15	0
2964	15	0
2965	16	0
2966	16	0
2967	16	0
2968	16	0
2969	16	0
2970	16	0
2971	16	0
2972	16	0
2973	16	0
2974	16	0
2975	16	0
2976	16	0
2977	16	0
2978	16	0
2979	16	0
2980	16	0
2981	16	0
2982	16	0
2983	16	0
2984	16	0
2985	16	0
2986	16	0
2987	16	0
2988	16	0
2989	16	0
2990	16	0
2991	16	0
2992	16	0
2993	16	0
2994	16	0
2995	16	0
2996	16	0
2997	16	0
2998	16	0
2999	16	0
3000	16	0
3001	16	0
3002	16	0
3003	16	0
3004	16	0
3005	16	0
3006	16	0
3007	16	0
3008	16	0
3009	16	0
3010	16	0
3011	16	0
3012	16	0
3013	17	0
3014	17	0
3015	17	0
3016	17	0
3017	17	0
3018	17	0
3019	17	0
3020	17	0
3021	17	0
3022	17	0
3023	17	0
3024	17	0
3025	17	0
3026	17	0
3027	17	0
3028	17	0
3029	17	0
3030	17	0
3031	17	0
3032	17	0
3033	17	0
3034	17	0
3035	17	0
3036	17	0
3037	17	0
3038	17	0
3039	17	0
3040	17	0
3041	17	0
3042	17	0
3043	17	0
3044	17	0
3045	17	0
3046	17	0
3047	17	0
3048	17	0
3049	17	0
3050	17	0
3051	17	0
3052	17	0
3053	17	0
3054	17	0
3055	17	0
3056	17	0
3057	17	0
3058	17	0
3059	17	0
3060	17	0
3061	17	0
3062	17	0
3063	17	0
3064	17	0
3065	17	0
3066	17	0
3067	17	0
3068	17	0
3069	17	0
3070	17	0
3071	17	0
3072	17	0
3073	17	0
3074	17	0
3075	17	0
3076	17	0
3077	18	0
3078	18	0
3079	18	0
3080	18	0
3081	19	0
3082	19	0
3083	19	0
3084	19	0
3085	19	0
3086	19	0
3087	19	0
3088	19	0
3089	19	0
3090	19	0
3091	19	0
3092	19	0
3093	19	0
3094	19	0
3095	19	0
3096	19	0
3097	19	0
3098	19	0
3099	19	0
3100	19	0
3101	19	0
3102	19	0
3103	19	0
3104	19	0
3105	19	0
3106	19	0
3107	19	0
3108	19	0
3109	19	0
3110	19	0
3111	19	0
3112	19	0
3113	19	0
3114	19	0
3115	19	0
3116	19	0
3117	19	0
3118	19	0
3119	19	0
3120	19	0
3121	19	0
3122	19	0
3123	19	0
3124	19	0
3125	19	0
3126	19	0
3127	19	0
3128	19	0
3129	19	0
3130	19	0
3131	19	0
3132	19	0
3133	19	0
3134	19	0
3135	19	0
3136	19	0
3137	19	0
3138	19	0
3139	19	0
3140	19	0
3141	19	0
3142	19	0
3143	19	0
3144	19	0
3145	19	0
3146	19	0
3147	19	0
3148	19	0
3149	19	0
3150	19	0
3151	19	0
3152	19	0
3153	19	0
3154	19	0
3155	19	0
3156	19	0
3157	19	0
3158	19	0
3159	19	0
3160	19	0
3161	19	0
3162	19	0
3163	19	0
3164	19	0
3165	19	0
3166	19	0
3167	19	0
3168	19	0
3169	19	0
3170	19	0
3171	19	0
3172	19	0
3173	19	0
3174	19	0
3175	19	0
3176	19	0
3177	19	0
3178	19	0
3179	19	0
3180	19	0
3181	19	0
3182	19	0
3183	19	0
3184	19	0
3185	19	0
3186	19	0
3187	19	0
3188	19	0
3189	19	0
3190	19	0
3191	19	0
3192	19	0
3193	19	0
3194	19	0
3195	19	0
3196	19	0
3197	19	0
3198	19	0
3199	19	0
3200	19	0
3201	19	0
3202	19	0
3203	19	0
3204	19	0
3205	19	0
3206	19	0
3207	19	0
3208	19	0
3209	19	0
3210	19	0
3211	19	0
3212	19	0
3213	19	0
3214	19	0
3215	19	0
3216	19	0
3217	19	0
3218	19	0
3219	19	0
3220	19	0
3221	19	0
3222	19	0
3223	19	0
3224	19	0
3225	19	0
3226	19	0
3227	19	0
3228	19	0
3229	19	0
3230	19	0
3231	19	0
3232	19	0
3233	19	0
3234	19	0
3235	19	0
3236	19	0
3237	19	0
3238	19	0
3239	19	0
3240	19	0
3241	19	0
3242	19	0
3243	19	0
3244	19	0
3245	19	0
3246	19	0
3247	19	0
3248	19	0
3249	19	0
3250	19	0
3251	19	0
3252	19	0
3253	19	0
3254	19	0
3255	19	0
3256	19	0
3257	19	0
3258	19	0
3259	19	0
3260	19	0
3261	19	0
3262	19	0
3263	19	0
3264	19	0
3265	19	0
3266	19	0
3267	19	0
3268	19	0
3269	19	0
3270	19	0
3271	19	0
3272	19	0
3273	19	0
3274	19	0
3275	19	0
3276	19	0
3277	19	0
3278	19	0
3279	19	0
3280	19	0
3281	19	0
3282	19	0
3283	19	0
3284	19	0
3285	19	0
3286	19	0
3287	19	0
3288	19	0
3289	19	0
3290	19	0
3291	19	0
3292	19	0
3293	19	0
3294	19	0
3295	19	0
3296	19	0
3297	19	0
3298	19	0
3299	19	0
3300	19	0
3301	19	0
3302	19	0
3303	19	0
3304	19	0
3305	19	0
3306	19	0
3307	19	0
3308	19	0
3309	19	0
3310	19	0
3311	19	0
3312	19	0
3313	19	0
3314	19	0
3315	19	0
3316	19	0
3317	19	0
3318	19	0
3319	19	0
3320	19	0
3321	19	0
3322	19	0
3323	19	0
3324	19	0
3325	19	0
3326	19	0
3327	19	0
3328	19	0
3329	20	0
3330	20	0
3331	20	0
3332	20	0
3333	20	0
3334	20	0
3335	20	0
3336	20	0
3337	20	0
3338	20	0
3339	20	0
3340	20	0
3341	20	0
3342	20	0
3343	20	0
3344	20	0
3345	20	0
3346	20	0
3347	20	0
3348	20	0
3349	20	0
3350	20	0
3351	20	0
3352	20	0
3353	20	0
3354	20	0
3355	20	0
3356	20	0
3357	20	0
3358	20	0
3359	20	0
3360	20	0
3361	20	0
3362	20	0
3363	20	0
3364	20	0
3365	20	0
3366	20	0
3367	20	0
3368	20	0
3369	20	0
3370	20	0
3371	20	0
3372	20	0
3373	20	0
3374	20	0
3375	20	0
3376	20	0
3377	20	0
3378	20	0
3379	20	0
3380	20	0
3381	20	0
3382	20	0
3383	20	0
3384	20	0
3385	20	0
3386	20	0
3387	20	0
3388	20	0
3389	20	0
3390	20	0
3391	20	0
3392	21	0
3393	21	0
3394	21	0
3395	21	0
3396	21	0
3397	21	0
3398	21	0
3399	21	0
3400	21	0
3401	21	0
3402	21	0
3403	21	0
3404	21	0
3405	21	0
3406	21	0
3407	21	0
3408	21	0
3409	21	0
3410	21	0
3411	21	0
3412	21	0
3413	21	0
3414	21	0
3415	21	0
3416	21	0
3417	21	0
3418	21	0
3419	21	0
3420	21	0
3421	21	0
3422	21	0
3423	21	0
3424	21	0
3425	21	0
3426	21	0
3427	21	0
3428	21	0
3429	21	0
3430	21	0
3431	21	0
3432	21	0
3433	21	0
3434	21	0
3435	21	0
3436	21	0
3437	21	0
3438	21	0
3439	21	0
3440	21	0
3441	21	0
3442	21	0
3443	21	0
3444	21	0
3445	21	0
3446	21	0
3447	21	0
3448	21	0
3449	21	0
3450	21	0
3451	21	0
3452	21	0
3453	21	0
3454	21	0
3455	21	0
3456	21	0
3457	21	0
3458	21	0
3459	21	0
3460	21	0
3461	21	0
3462	21	0
3463	21	0
3464	21	0
3465	21	0
3466	21	0
3467	21	0
3468	21	0
3469	21	0
3470	21	0
3471	21	0
3472	21	0
3473	21	0
3474	21	0
3475	21	0
3476	21	0
3477	21	0
3478	21	0
3479	21	0
3480	21	0
3481	21	0
3482	21	0
3483	21	0
3484	21	0
3485	21	0
3486	21	0
3487	21	0
3488	21	0
3489	21	0
3490	21	0
3491	21	0
3492	21	0
3493	21	0
3494	21	0
3495	21	0
3496	21	0
3497	21	0
3498	21	0
3499	21	0
3500	21	0
3501	21	0
3502	21	0
3503	21	0
3504	21	0
3505	21	0
3506	21	0
3507	21	0
3508	21	0
3509	21	0
3510	21	0
3511	21	0
3512	21	0
3513	21	0
3514	21	0
3515	21	0
3516	21	0
3517	21	0
3518	21	0
3519	21	0
3520	21	0
3521	21	0
3522	21	0
3523	21	0
3524	21	0
3525	21	0
3526	21	0
3527	21	0
3528	21	0
3529	21	0
3530	21	0
3531	21	0
3532	21	0
3533	21	0
3534	21	0
3535	21	0
3536	21	0
3537	21	0
3538	21	0
3539	21	0
3540	21	0
3541	21	0
3542	21	0
3543	21	0
3544	21	0
3545	21	0
3546	21	0
3547	21	0
3548	21	0
3549	21	0
3550	21	0
3551	21	0
3552	21	0
3553	21	0
3554	21	0
3555	21	0
3556	21	0
3557	21	0
3558	21	0
3559	21	0
3560	21	0
3561	21	0
3562	21	0
3563	21	0
3564	21	0
3565	21	0
3566	21	0
3567	21	0
3568	21	0
3569	21	0
3570	21	0
3571	21	0
3572	21	0
3573	21	0
3574	21	0
3575	21	0
3576	21	0
3577	21	0
3578	21	0
3579	21	0
3580	21	0
3581	21	0
3582	21	0
3583	21	0
3584	21	0
3585	21	0
3586	21	0
3587	21	0
3588	21	0
3589	21	0
3590	21	0
3591	21	0
3592	21	0
3593	21	0
3594	21	0
3595	21	0
3596	21	0
3597	21	0
3598	21	0
3599	21	0
3600	21	0
3601	21	0
3602	21	0
3603	21	0
3604	21	0
3605	21	0
3606	21	0
3607	21	0
3608	21	0
3609	21	0
3610	21	0
3611	21	0
3612	21	0
3613	21	1
3614	21	1
3615	21	1
3616	21	1
3617	21	1
3618	21	1
3619	21	1
3620	21	1
3621	21	1
3622	21	1
3623	21	1
3624	21	1
3625	21	1
3626	21	1
3627	21	1
3628	21	1
3629	21	1
3630	21	1
3631	21	1
3632	21	1
3633	21	1
3634	21	1
3635	21	1
3636	21	1
3637	21	1
3638	21	1
3639	21	1
3640	21	1
3641	21	1
3642	21	1
3643	21	1
3644	21	1
3645	21	1
3646	21	1
3647	21	1
3648	21	1
3649	21	1
3650	21	1
3651	21	1
3652	21	1
3653	21	1
3654	21	1
3655	21	1
3656	21	1
3657	21	1
3658	21	1
3659	21	1
3660	21	1
3661	21	1
3662	21	1
3663	21	1
3664	21	1
3665	21	1
3666	21	1
3667	21	1
3668	21	1
3669	21	1
3670	21	1
3671	21	1
3672	21	1
3673	21	1
3674	21	1
3675	21	1
3676	21	1
3677	21	1
3678	21	1
3679	21	1
3680	21	1
3681	21	1
3682	21	1
3683	21	1
3684	21	1
3685	21	1
3686	21	1
3687	21	1
3688	21	1
3689	21	1
3690	21	1
3691	21	1
3692	21	1
3693	21	1
3694	21	1
3695	21	1
3696	21	1
3697	21	1
3698	21	1
3699	21	1
3700	21	1
3701	21	1
3702	21	1
3703	21	1
3704	21	1
3705	21	1
3706	21	1
3707	21	1
3708	21	1
3709	21	1
3710	21	1
3711	21	1
3712	21	1
3713	21	1
3714	21	1
3715	21	1
3716	21	1
3717	21	1
3718	21	1
3719	21	1
3720	21	1
3721	21	1
3722	21	1
3723	21	1
3724	21	1
3725	21	1
3726	21	1
3727	21	1
3728	21	1
3729	21	1
3730	21	1
3731	21	1
3732	21	1
3733	21	1
3734	21	1
3735	21	1
3736	21	1
3737	21	1
3738	21	1
3739	21	1
3740	21	1
3741	21	1
3742	21	1
3743	21	1
3744	21	1
3745	21	1
3746	21	1
3747	21	1
3748	21	1
3749	21	1
3750	21	1
3751	21	1
3752	21	1
3753	21	1
3754	21	1
3755	21	1
3756	21	1
3757	21	1
3758	21	1
3759	21	1
3760	21	1
3761	21	1
3762	21	1
3763	21	1
3764	21	1
3765	21	1
3766	21	1
3767	21	1
3768	21	1
3769	21	1
3770	21	1
3771	21	1
3772	21	1
3773	21	1
3774	21	1
3775	21	1
3776	21	1
3777	21	1
3778	21	1
3779	21	1
3780	21	1
3781	21	1
3782	21	1
3783	21	1
3784	21	1
3785	21	1
3786	21	1
3787	21	1
3788	21	1
3789	21	1
3790	21	1
3791	21	1
3792	21	1
3793	21	1
3794	21	1
3795	21	1
3796	21	1
3797	21	1
3798	21	1
3799	21	1
3800	21	1
3801	21	1
3802	21	1
3803	21	1
3804	21	1
3805	21	1
3806	21	1
3807	21	1
3808	21	1
3809	21	1
3810	21	1
3811	21	1
3812	21	1
3813	21	1
3814	21	1
3815	21	1
3816	21	1
3817	21	1
3818	21	1
3819	21	1
3820	21	1
3821	21	1
3822	21	1
3823	21	1
3824	21	1
3825	21	1
3826	21	1
3827	21	1
3828	21	1
3829	21	1
3830	21	1
3831	21	1
3832	21	1
3833	21	1
3834	21	1
3835	21	1
3836	21	1
3837	21	1
3838	21	1
3839	21	1
3840	21	1
3841	21	1
3842	21	1
3843	21	1
3844	21	1
3845	21	1
3846	21	1
3847	21	1
3848	21	1
3849	21	1
3850	21	1
3851	21	1
3852	21	1
3853	21	1
3854	21	1
3855	21	1
3856	21	1
3857	21	1
3858	21	1
3859	21	1
3860	21	1
3861	21	1
3862	21	1
3863	21	1
3864	21	1
3865	21	1
3866	21	1
3867	21	1
3868	21	1
3869	21	1
3870	21	1
3871	21	1
3872	21	1
3873	21	1
3874	21	1
3875	21	1
3876	21	1
3877	21	1
3878	21	1
3879	21	1
3880	21	1
3881	21	1
3882	21	1
3883	21	1
3884	21	1
3885	21	1
3886	21	1
3887	21	1
3888	21	1
3889	21	1
3890	21	1
3891	21	1
3892	21	1
3893	21	1
3894	21	1
3895	21	1
3896	21	1
3897	21	1
3898	21	1
3899	21	1
3900	21	1
3901	21	1
3902	21	1
3903	22	1
3904	22	1
3905	22	1
3906	22	1
3907	22	1
3908	22	1
3909	22	1
3910	22	1
3911	22	1
3912	22	1
3913	22	1
3914	22	1
3915	22	1
3916	22	1
3917	22	1
3918	22	1
3919	22	1
3920	22	1
3921	22	1
3922	22	1
3923	22	1
3924	22	1
3925	22	1
3926	22	1
3927	22	1
3928	22	1
3929	22	1
3930	23	1
3931	23	1
3932	23	1
3933	23	1
3934	23	1
3935	23	1
3936	23	1
3937	23	1
3938	23	1
3939	23	1
3940	23	1
3941	23	1
3942	23	1
3943	23	1
3944	23	1
3945	23	1
3946	23	1
3947	23	1
3948	23	1
3949	23	1
3950	23	1
3951	23	1
3952	23	1
3953	23	1
3954	23	1
3955	23	1
3956	23	1
3957	23	1
3958	23	1
3959	23	1
3960	23	1
3961	23	1
3962	23	1
3963	23	1
3964	23	1
3965	23	1
3966	23	1
3967	23	1
3968	23	1
3969	23	1
3970	23	1
3971	23	1
3972	23	1
3973	23	1
3974	23	1
3975	23	1
3976	23	1
3977	24	1
3978	24	1
3979	24	1
3980	24	1
3981	24	1
3982	24	1
3983	24	1
3984	24	1
3985	24	1
3986	24	1
3987	24	1
3988	24	1
3989	24	1
3990	24	1
3991	24	1
3992	24	1
3993	24	1
3994	24	1
3995	24	1
3996	24	1
3997	24	1
3998	24	1
3999	25	1
4000	25	1
4001	25	1
4002	25	1
4003	25	1
4004	25	1
4005	25	1
4006	25	1
4007	25	1
4008	25	1
4009	25	1
4010	25	1
4011	25	1
4012	25	1
4013	25	1
4014	25	1
4015	25	1
4016	25	1
4017	25	1
4018	25	1
4019	25	1
4020	25	1
4021	25	1
4022	25	1
4023	25	1
4024	25	1
4025	25	1
4026	25	1
4027	25	1
4028	25	1
4029	25	1
4030	25	1
4031	25	1
4032	25	1
4033	25	1
4034	25	1
4035	25	1
4036	25	1
4037	25	1
4038	25	1
4039	25	1
4040	25	1
4041	25	1
4042	25	1
4043	25	1
4044	25	1
4045	25	1
4046	25	1
4047	25	1
4048	25	1
4049	25	1
4050	25	1
4051	25	1
4052	25	1
4053	25	1
4054	25	1
4055	25	1
4056	25	1
4057	25	1
4058	25	1
4059	25	1
4060	25	1
4061	25	1
4062	25	1
4063	25	1
4064	25	1
4065	25	1
4066	25	1
4067	25	1
4068	25	1
4069	25	1
4070	25	1
4071	25	1
4072	25	1
4073	25	1
4074	25	1
4075	25	1
4076	25	1
4077	25	1
4078	25	1
4079	25	1
4080	25	1
4081	25	1
4082	25	1
4083	25	1
4084	25	1
4085	25	1
4086	25	1
4087	25	1
4088	25	1
4089	25	1
4090	25	1
4091	25	1
4092	25	1
4093	25	1
4094	25	1
4095	25	1
4096	25	1
4097	25	1
4098	25	1
4099	25	1
4100	25	1
4101	25	1
4102	25	1
4103	25	1
4104	25	1
4105	25	1
4106	25	1
4107	25	1
4108	25	1
4109	25	1
4110	25	1
4111	25	1
4112	25	1
4113	25	1
4114	25	1
4115	25	1
4116	25	1
4117	25	1
4118	25	1
4119	25	1
4120	25	1
4121	25	1
4122	25	1
4123	25	1
4124	25	1
4125	25	1
4126	25	1
4127	25	1
4128	25	1
4129	25	1
4130	25	1
4131	25	1
4132	25	1
4133	25	1
4134	25	1
4135	25	1
4136	25	1
4137	25	1
4138	25	1
4139	25	1
4140	25	1
4141	25	1
4142	25	1
4143	25	1
4144	25	1
4145	25	1
4146	25	1
4147	25	1
4148	25	1
4149	25	1
4150	25	1
4151	25	1
4152	25	1
4153	25	1
4154	25	1
4155	25	1
4156	25	1
4157	25	1
4158	25	1
4159	25	1
4160	25	1
4161	25	1
4162	25	1
4163	25	1
4164	25	1
4165	25	1
4166	25	1
4167	25	1
4168	25	1
4169	25	1
4170	25	1
4171	25	1
4172	25	1
4173	25	1
4174	25	1
4175	25	1
4176	25	1
4177	25	1
4178	25	1
4179	25	1
4180	25	1
4181	25	1
4182	25	1
4183	25	1
4184	25	1
4185	25	1
4186	25	1
4187	25	1
4188	25	1
4189	25	1
4190	25	1
4191	25	1
4192	25	1
4193	25	1
4194	25	1
4195	25	1
4196	25	1
4197	25	1
4198	25	1
4199	25	1
4200	25	1
4201	25	1
4202	25	1
4203	25	1
4204	25	1
4205	25	1
4206	25	1
4207	25	1
4208	25	1
4209	25	1
4210	25	1
4211	25	1
4212	25	1
4213	25	1
4214	25	1
4215	25	1
4216	25	1
4217	25	1
4218	25	1
4219	25	1
4220	25	1
4221	25	1
4222	25	1
4223	25	1
4224	25	1
4225	25	1
4226	25	1
4227	25	1
4228	25	1
4229	25	1
4230	25	1
4231	25	1
4232	25	1
4233	25	1
4234	25	1
4235	25	1
4236	25	1
4237	25	1
4238	25	1
4239	25	1
4240	25	1
4241	25	1
4242	25	1
4243	25	1
4244	25	1
4245	25	1
4246	25	1
4247	25	1
4248	25	1
4249	25	1
4250	25	1
4251	25	1
4252	25	1
4253	25	1
4254	25	1
4255	25	1
4256	25	1
4257	25	1
4258	25	1
4259	25	1
4260	25	1
4261	25	1
4262	25	1
4263	25	1
4264	25	1
4265	25	1
4266	25	1
4267	25	1
4268	25	1
4269	25	1
4270	25	1
4271	25	1
4272	25	1
4273	25	1
4274	25	1
4275	25	1
4276	25	1
4277	25	1
4278	25	1
4279	25	1
4280	25	1
4281	25	1
4282	25	1
4283	25	1
4284	25	1
4285	25	1
4286	25	1
4287	25	1
4288	25	1
4289	25	1
4290	25	1
4291	25	1
4292	25	1
4293	25	1
4294	25	1
4295	25	1
4296	25	1
4297	25	1
4298	25	1
4299	25	1
4300	25	1
4301	25	1
4302	25	1
4303	25	1
4304	25	1
4305	25	1
4306	25	1
4307	25	1
4308	25	1
4309	25	1
4310	25	1
4311	25	1
4312	25	1
4313	25	1
4314	25	1
4315	25	1
4316	25	1
4317	25	1
4318	25	1
4319	25	1
4320	25	1
4321	25	1
4322	25	1
4323	25	1
4324	25	1
4325	25	1
4326	25	1
4327	25	1
4328	25	1
4329	25	1
4330	25	1
4331	25	1
4332	25	1
4333	25	1
4334	25	1
4335	25	1
4336	25	1
4337	25	1
4338	25	1
4339	25	1
4340	25	1
4341	25	1
4342	25	1
4343	25	1
4344	25	1
4345	25	1
4346	25	1
4347	25	1
4348	25	1
4349	25	1
4350	25	1
4351	25	1
4352	25	1
4353	25	1
4354	25	1
4355	25	1
4356	25	1
4357	25	1
4358	25	1
4359	25	1
4360	25	1
4361	25	1
4362	25	1
4363	25	1
4364	25	1
4365	25	1
4366	25	1
4367	25	1
4368	25	1
4369	25	1
4370	25	1
4371	25	1
4372	25	1
4373	25	1
4374	25	1
4375	25	1
4376	25	1
4377	25	1
4378	25	1
4379	25	1
4380	25	1
4381	25	1
4382	25	1
4383	25	1
4384	25	1
4385	25	1
4386	25	1
4387	25	1
4388	25	1
4389	25	1
4390	25	1
4391	25	1
4392	25	1
4393	25	1
4394	25	1
4395	25	1
4396	25	1
4397	25	1
4398	25	1
4399	25	1
4400	25	1
4401	25	1
4402	25	1
4403	25	1
4404	25	1
4405	25	1
4406	25	1
4407	25	1
4408	25	1
4409	25	1
4410	25	1
4411	25	1
4412	25	1
4413	25	1
4414	25	1
4415	25	1
4416	25	1
4417	25	1
4418	25	1
4419	25	1
4420	25	1
4421	25	1
4422	25	1
4423	25	1
4424	25	1
4425	25	1
4426	25	1
4427	25	1
4428	25	1
4429	25	1
4430	25	1
4431	25	1
4432	25	1
4433	25	1
4434	25	1
4435	25	1
4436	25	1
4437	25	1
4438	25	1
4439	25	1
4440	25	1
4441	25	1
4442	25	1
4443	25	1
4444	25	1
4445	25	1
4446	25	1
4447	25	1
4448	25	1
4449	25	1
4450	25	1
4451	25	1
4452	25	1
4453	25	1
4454	25	1
4455	25	1
4456	25	1
4457	25	1
4458	25	1
4459	25	1
4460	25	1
4461	25	1
4462	25	1
4463	25	1
4464	25	1
4465	25	1
4466	25	1
4467	25	1
4468	25	1
4469	25	1
4470	25	1
4471	25	1
4472	25	1
4473	25	1
4474	25	1
4475	25	1
4476	25	1
4477	25	1
4478	25	1
4479	25	1
4480	25	1
4481	25	1
4482	25	1
4483	25	1
4484	25	1
4485	25	1
4486	25	1
4487	25	1
4488	25	1
4489	25	1
4490	25	1
4491	25	1
4492	25	1
4493	25	1
4494	25	1
4495	25	1
4496	25	1
4497	25	1
4498	25	1
4499	25	1
4500	25	1
4501	25	1
4502	25	1
4503	25	1
4504	25	1
4505	25	1
4506	25	1
4507	25	1
4508	25	1
4509	25	1
4510	25	1
4511	25	1
4512	25	1
4513	25	1
4514	25	1
4515	25	1
4516	25	1
4517	25	1
4518	25	1
4519	25	1
4520	25	1
4521	25	1
4522	25	1
4523	25	1
4524	25	1
4525	25	1
4526	25	1
4527	25	1
4528	25	1
4529	25	1
4530	25	1
4531	25	1
4532	25	1
4533	25	1
4534	25	1
4535	25	1
4536	25	1
4537	25	1
4538	25	1
4539	25	1
4540	25	1
4541	25	1
4542	25	1
4543	25	1
4544	25	1
4545	25	1
4546	25	1
4547	25	1
4548	25	1
4549	25	1
4550	25	1
4551	25	1
4552	25	1
4553	25	1
4554	25	1
4555	25	1
4556	25	1
4557	25	1
4558	25	1
4559	25	1
4560	25	1
4561	25	1
4562	25	1
4563	25	1
4564	25	1
4565	25	1
4566	25	1
4567	25	1
4568	25	1
4569	25	1
4570	25	1
4571	25	1
4572	25	1
4573	25	1
4574	25	1
4575	25	1
4576	25	1
4577	25	1
4578	25	1
4579	25	1
4580	25	1
4581	25	1
4582	25	1
4583	25	1
4584	25	1
4585	25	1
4586	25	1
4587	25	1
4588	25	1
4589	25	1
4590	25	1
4591	25	1
4592	25	1
4593	25	1
4594	25	1
4595	25	1
4596	25	1
4597	25	1
4598	25	1
4599	25	1
4600	25	1
4601	25	1
4602	25	1
4603	25	1
4604	25	1
4605	25	1
4606	25	1
4607	25	1
4608	25	1
4609	25	1
4610	25	1
4611	25	1
4612	25	1
4613	25	1
4614	25	1
4615	25	1
4616	25	1
4617	25	1
4618	25	1
4619	25	1
4620	25	1
4621	25	1
4622	25	1
4623	25	1
4624	25	1
4625	25	1
4626	25	1
4627	25	1
4628	25	1
4629	25	1
4630	25	1
4631	25	1
4632	25	1
4633	25	1
4634	25	1
4635	25	1
4636	25	1
4637	25	1
4638	25	1
4639	25	1
4640	25	1
4641	25	1
4642	25	1
4643	25	1
4644	25	1
4645	25	1
4646	25	1
4647	25	1
4648	25	1
4649	25	1
4650	25	1
4651	25	1
4652	25	1
4653	25	1
4654	25	1
4655	25	1
4656	25	1
4657	25	1
4658	25	1
4659	25	1
4660	25	1
4661	25	1
4662	25	1
4663	25	1
4664	25	1
4665	25	1
4666	25	1
4667	25	1
4668	25	1
4669	25	1
4670	25	1
4671	25	1
4672	25	1
4673	25	1
4674	25	1
4675	25	1
4676	25	1
4677	25	1
4678	25	1
4679	25	1
4680	25	1
4681	25	1
4682	25	1
4683	25	1
4684	25	1
4685	25	1
4686	25	1
4687	25	1
4688	25	1
4689	25	1
4690	25	1
4691	25	1
4692	25	1
4693	25	1
4694	25	1
4695	25	1
4696	25	1
4697	25	1
4698	25	1
4699	25	1
4700	25	1
4701	25	1
4702	25	1
4703	25	1
4704	25	1
4705	25	1
4706	25	1
4707	25	1
4708	25	1
4709	25	1
4710	25	1
4711	25	1
4712	25	1
4713	25	1
4714	25	1
4715	25	1
4716	25	1
4717	25	1
4718	25	1
4719	25	1
4720	25	1
4721	25	1
4722	25	1
4723	25	1
4724	25	1
4725	25	1
4726	25	1
4727	25	1
4728	25	1
4729	25	1
4730	25	1
4731	25	1
4732	25	1
4733	25	1
4734	25	1
4735	25	1
4736	25	1
4737	25	1
4738	25	1
4739	25	1
4740	25	1
4741	25	1
4742	25	1
4743	25	1
4744	25	1
4745	25	1
4746	25	1
4747	25	1
4748	25	1
4749	25	1
4750	25	1
4751	25	1
4752	25	1
4753	25	1
4754	25	1
4755	25	1
4756	25	1
4757	25	1
4758	25	1
4759	25	1
4760	25	1
4761	25	1
4762	25	1
4763	25	1
4764	25	1
4765	25	1
4766	25	1
4767	25	1
4768	25	1
4769	25	1
4770	25	1
4771	25	1
4772	25	1
4773	25	1
4774	25	1
4775	25	1
4776	25	1
4777	25	1
4778	25	1
4779	25	1
4780	25	1
4781	25	1
4782	25	1
4783	25	1
4784	25	1
4785	25	1
4786	25	1
4787	25	1
4788	25	1
4789	25	1
4790	25	1
4791	25	1
4792	25	1
4793	25	1
4794	25	1
4795	25	1
4796	25	1
4797	25	1
4798	25	1
4799	25	1
4800	25	1
4801	25	1
4802	25	1
4803	25	1
4804	25	1
4805	25	1
4806	26	1
4807	26	1
4808	26	1
4809	26	1
4810	26	1
4811	26	1
4812	26	1
4813	26	1
4814	26	1
4815	26	1
4816	26	1
4817	26	1
4818	26	1
4819	26	1
4820	26	1
4821	26	1
4822	26	1
4823	26	1
4824	26	1
4825	26	1
4826	26	1
4827	26	1
4828	26	1
4829	26	1
4830	26	1
4831	26	1
4832	26	1
4833	26	1
4834	26	1
4835	26	1
4836	26	1
4837	26	1
4838	26	1
4839	26	1
4840	26	1
4841	26	1
4842	26	1
4843	26	1
4844	26	1
4845	26	1
4846	26	1
4847	26	1
4848	26	1
4849	26	1
4850	26	1
4851	26	1
4852	26	1
4853	26	1
4854	26	1
4855	26	1
4856	26	1
4857	26	1
4858	26	1
4859	26	1
4860	26	1
4861	26	1
4862	26	1
4863	26	1
4864	26	1
4865	26	1
4866	26	1
4867	26	1
4868	26	1
4869	26	1
4870	26	1
4871	26	1
4872	26	1
4873	26	1
4874	26	1
4875	26	1
4876	26	1
4877	26	1
4878	26	1
4879	26	1
4880	26	1
4881	26	1
4882	26	1
4883	26	1
4884	26	1
4885	26	1
4886	26	1
4887	26	1
4888	26	1
4889	26	1
4890	26	1
4891	26	1
4892	26	1
4893	26	1
4894	26	1
4895	26	1
4896	26	1
4897	26	1
4898	26	1
4899	26	1
4900	26	1
4901	26	1
4902	26	1
4903	26	1
4904	26	1
4905	26	1
4906	26	1
4907	26	1
4908	26	1
4909	26	1
4910	26	1
4911	26	1
4912	26	1
4913	26	1
4914	26	1
4915	26	1
4916	26	1
4917	26	1
4918	26	1
4919	26	1
4920	26	1
4921	26	1
4922	26	1
4923	26	1
4924	26	1
4925	26	1
4926	26	1
4927	26	1
4928	26	1
4929	26	1
4930	26	1
4931	26	1
4932	26	1
4933	26	1
4934	26	1
4935	26	1
4936	26	1
4937	26	1
4938	26	1
4939	26	1
4940	26	1
4941	26	1
4942	26	1
4943	26	1
4944	26	1
4945	26	1
4946	26	1
4947	26	1
4948	26	1
4949	26	1
4950	26	1
4951	26	1
4952	26	1
4953	26	1
4954	26	1
4955	26	1
4956	26	1
4957	26	1
4958	26	1
4959	26	1
4960	26	1
4961	26	1
4962	26	1
4963	26	1
4964	26	1
4965	26	1
4966	26	1
4967	26	1
4968	26	1
4969	26	1
4970	26	1
4971	26	1
4972	26	1
4973	26	1
4974	26	1
4975	26	1
4976	26	1
4977	26	1
4978	26	1
4979	26	1
4980	26	1
4981	26	1
4982	26	1
4983	26	1
4984	26	1
4985	26	1
4986	26	1
4987	26	1
4988	26	1
4989	26	1
4990	26	1
4991	26	1
4992	26	1
4993	26	1
4994	26	1
4995	26	1
4996	26	1
4997	26	1
4998	26	1
4999	26	1
5000	26	1
5001	26	1
5002	26	1
5003	26	1
5004	26	1
5005	26	1
5006	26	1
5007	26	1
5008	26	1
5009	26	1
5010	26	1
5011	26	1
5012	26	1
5013	26	1
5014	26	1
5015	26	1
5016	26	1
5017	26	1
5018	26	1
5019	26	1
5020	26	1
5021	26	1
5022	26	1
5023	26	1
5024	26	1
5025	26	1
5026	26	1
5027	26	1
5028	26	1
5029	26	1
5030	26	1
5031	26	1
5032	26	1
5033	26	1
5034	26	1
5035	26	1
5036	26	1
5037	26	1
5038	26	1
5039	26	1
5040	26	1
5041	26	1
5042	26	1
5043	26	1
5044	26	1
5045	26	1
5046	26	1
5047	26	1
5048	26	1
5049	26	1
5050	26	1
5051	26	1
5052	26	1
5053	26	1
5054	26	1
5055	26	1
5056	26	1
5057	26	1
5058	26	1
5059	26	1
5060	26	1
5061	26	1
5062	26	1
5063	26	1
5064	26	1
5065	26	1
5066	26	1
5067	26	1
5068	26	1
5069	26	1
5070	26	1
5071	26	1
5072	26	1
5073	26	1
5074	26	1
5075	26	1
5076	26	1
5077	26	1
5078	26	1
5079	26	1
5080	26	1
5081	26	1
5082	26	1
5083	26	1
5084	26	1
5085	26	1
5086	26	1
5087	26	1
5088	26	1
5089	26	1
5090	26	1
5091	26	1
5092	26	1
5093	26	1
5094	26	1
5095	26	1
5096	26	1
5097	26	1
5098	26	1
5099	26	1
5100	26	1
5101	26	1
5102	26	1
5103	26	1
5104	26	1
5105	26	1
5106	26	1
5107	26	1
5108	26	1
5109	26	1
5110	26	1
5111	26	1
5112	26	1
5113	26	1
5114	26	1
5115	26	1
5116	26	1
5117	26	1
5118	26	1
5119	26	1
5120	26	1
5121	26	1
5122	26	1
5123	26	1
5124	26	1
5125	26	1
5126	26	1
5127	26	1
5128	26	1
5129	26	1
5130	26	1
5131	26	1
5132	26	1
5133	26	1
5134	26	1
5135	26	1
5136	26	1
5137	26	1
5138	26	1
5139	26	1
5140	26	1
5141	26	1
5142	26	1
5143	26	1
5144	26	1
5145	26	1
5146	26	1
5147	26	1
5148	26	1
5149	26	1
5150	26	1
5151	26	1
5152	26	1
5153	26	1
5154	26	1
5155	26	1
5156	26	1
5157	26	1
5158	26	1
5159	26	1
5160	26	1
5161	26	1
5162	26	1
5163	26	1
5164	26	1
5165	26	1
5166	26	1
5167	26	1
5168	26	1
5169	26	1
5170	26	1
5171	26	1
5172	26	1
5173	26	1
5174	26	1
5175	26	1
5176	26	1
5177	26	1
5178	26	1
5179	26	1
5180	26	1
5181	26	1
5182	26	1
5183	26	1
5184	26	1
5185	26	1
5186	26	1
5187	26	1
5188	26	1
5189	26	1
5190	26	1
5191	26	1
5192	26	1
5193	26	1
5194	26	1
5195	26	1
5196	26	1
5197	26	1
5198	26	1
5199	26	1
5200	26	1
5201	26	1
5202	26	1
5203	26	1
5204	26	1
5205	26	1
5206	26	1
5207	26	1
5208	26	1
5209	26	1
5210	26	1
5211	26	1
5212	26	1
5213	26	1
5214	26	1
5215	26	1
5216	26	1
5217	26	1
5218	26	1
5219	26	1
5220	26	1
5221	26	1
5222	26	1
5223	26	1
5224	26	1
5225	26	1
5226	26	1
5227	26	1
5228	26	1
5229	26	1
5230	26	1
5231	26	1
5232	26	1
5233	27	1
5234	27	1
5235	27	1
5236	27	1
5237	27	1
5238	27	1
5239	27	1
5240	27	1
5241	27	1
5242	27	1
5243	27	1
5244	27	1
5245	27	1
5246	27	1
5247	27	1
5248	27	1
5249	27	1
5250	27	1
5251	27	1
5252	27	1
5253	27	1
5254	27	1
5255	27	1
5256	27	1
5257	27	1
5258	27	1
5259	27	1
5260	27	1
5261	27	1
5262	27	1
5263	27	1
5264	27	1
5265	27	1
5266	27	1
5267	27	1
5268	27	1
5269	27	1
5270	27	1
5271	27	1
5272	27	1
5273	27	1
5274	27	1
5275	27	1
5276	27	1
5277	27	1
5278	27	1
5279	27	1
5280	27	1
5281	27	1
5282	27	1
5283	27	1
5284	27	1
5285	27	1
5286	27	1
5287	27	1
5288	27	1
5289	27	1
5290	27	1
5291	27	1
5292	27	1
5293	27	1
5294	27	1
5295	27	1
5296	27	1
5297	27	1
5298	27	1
5299	27	1
5300	27	1
5301	27	1
5302	27	1
5303	27	1
5304	27	1
5305	27	1
5306	27	1
5307	27	1
5308	27	1
5309	27	1
5310	27	1
5311	27	1
5312	27	1
5313	27	1
5314	27	1
5315	27	1
5316	27	1
5317	27	1
5318	27	1
5319	27	1
5320	27	1
5321	27	1
5322	27	1
5323	27	1
5324	27	1
5325	27	1
5326	27	1
5327	27	1
5328	27	1
5329	27	1
5330	27	1
5331	27	1
5332	27	1
5333	27	1
5334	27	1
5335	27	1
5336	27	1
5337	27	1
5338	27	1
5339	27	1
5340	27	1
5341	27	1
5342	27	1
5343	27	1
5344	27	1
5345	27	1
5346	27	1
5347	27	1
5348	27	1
5349	27	1
5350	27	1
5351	27	1
5352	27	1
5353	27	1
5354	27	1
5355	27	1
5356	27	1
5357	27	1
5358	27	1
5359	27	1
5360	27	1
5361	27	1
5362	27	1
5363	27	1
5364	27	1
5365	27	1
5366	27	1
5367	27	1
5368	27	1
5369	27	1
5370	27	1
5371	27	1
5372	27	1
5373	27	1
5374	27	1
5375	27	1
5376	27	1
5377	27	1
5378	27	1
5379	27	1
5380	27	1
5381	27	1
5382	27	1
5383	27	1
5384	27	1
5385	27	1
5386	27	1
5387	27	1
5388	27	1
5389	27	1
5390	27	1
5391	27	1
5392	27	1
5393	27	1
5394	27	1
5395	27	1
5396	27	1
5397	27	1
5398	27	1
5399	27	1
5400	27	1
5401	27	1
5402	27	1
5403	27	1
5404	27	1
5405	27	1
5406	27	1
5407	27	1
5408	27	1
5409	27	1
5410	27	1
5411	27	1
5412	27	1
5413	27	1
5414	27	1
5415	27	1
5416	27	1
5417	27	1
5418	27	1
5419	27	1
5420	27	1
5421	27	1
5422	27	1
5423	27	1
5424	27	1
5425	27	1
5426	27	1
5427	27	1
5428	27	1
5429	27	1
5430	27	1
5431	27	1
5432	27	1
5433	27	1
5434	27	1
5435	27	1
5436	27	1
5437	27	1
5438	27	1
5439	27	1
5440	27	1
5441	27	1
5442	27	1
5443	27	1
5444	27	1
5445	27	1
5446	27	1
5447	27	1
5448	27	1
5449	27	1
5450	27	1
5451	27	1
5452	27	1
5453	27	1
5454	27	1
5455	27	1
5456	27	1
5457	27	1
5458	27	1
5459	27	1
5460	28	1
5461	28	1
5462	28	1
5463	28	1
5464	28	1
5465	28	1
5466	28	1
5467	28	1
5468	28	1
5469	28	1
5470	28	1
5471	28	1
5472	28	1
5473	28	1
5474	28	1
5475	28	1
5476	28	1
5477	28	1
5478	28	1
5479	28	1
5480	28	1
5481	28	1
5482	28	1
5483	28	1
5484	28	1
5485	28	1
5486	28	1
5487	28	1
5488	28	1
5489	28	1
5490	28	1
5491	28	1
5492	28	1
5493	28	1
5494	28	1
5495	28	1
5496	28	1
5497	28	1
5498	28	1
5499	28	1
5500	28	1
5501	28	1
5502	28	1
5503	28	1
5504	28	1
5505	28	1
5506	28	1
5507	28	1
5508	28	1
5509	28	1
5510	28	1
5511	28	1
5512	28	1
5513	28	1
5514	28	1
5515	28	1
5516	28	1
5517	28	1
5518	28	1
5519	28	1
5520	28	1
5521	28	1
5522	28	1
5523	28	1
5524	28	1
5525	28	1
5526	28	1
5527	28	1
5528	28	1
5529	28	1
5530	28	1
5531	28	1
5532	28	1
5533	28	1
5534	28	1
5535	28	1
5536	28	1
5537	28	1
5538	28	1
5539	28	1
5540	28	1
5541	28	1
5542	28	1
5543	28	1
5544	28	1
5545	28	1
5546	28	1
5547	28	1
5548	28	1
5549	28	1
5550	28	1
5551	28	1
5552	28	1
5553	28	1
5554	28	1
5555	28	1
5556	28	1
5557	28	1
5558	28	1
5559	28	1
5560	28	1
5561	28	1
5562	28	1
5563	28	1
5564	28	1
5565	28	1
5566	28	1
5567	28	1
5568	28	1
5569	28	1
5570	28	1
5571	28	1
5572	28	1
5573	28	1
5574	28	1
5575	28	1
5576	28	1
5577	28	1
5578	28	1
5579	28	1
5580	28	1
5581	28	1
5582	28	1
5583	28	1
5584	28	1
5585	28	1
5586	28	1
5587	28	1
5588	28	1
5589	28	1
5590	28	1
5591	28	1
5592	28	1
5593	28	1
5594	28	1
5595	28	1
5596	28	1
5597	28	1
5598	28	1
5599	28	1
5600	28	1
5601	28	1
5602	28	1
5603	28	1
5604	28	1
5605	28	1
5606	28	1
5607	28	1
5608	28	1
5609	28	1
5610	28	1
5611	28	1
5612	28	1
5613	28	1
5614	28	1
5615	28	1
5616	28	1
5617	28	1
5618	28	1
5619	28	1
5620	28	1
5621	28	1
5622	28	1
5623	28	1
5624	28	1
5625	28	1
5626	28	1
5627	28	1
5628	28	1
5629	28	1
5630	28	1
5631	28	1
5632	28	1
5633	28	1
5634	28	1
5635	28	1
5636	28	1
5637	28	1
5638	28	1
5639	28	1
5640	28	1
5641	28	1
5642	28	1
5643	28	1
5644	28	1
5645	28	1
5646	28	1
5647	28	1
5648	28	1
5649	28	1
5650	28	1
5651	28	1
5652	28	1
5653	28	1
5654	28	1
5655	28	1
5656	28	1
5657	28	1
5658	28	1
5659	29	1
5660	29	1
5661	29	1
5662	29	1
5663	29	1
5664	29	1
5665	29	1
5666	29	1
5667	29	1
5668	29	1
5669	29	1
5670	29	1
5671	29	1
5672	29	1
5673	29	1
5674	29	1
5675	29	1
5676	29	1
5677	29	1
5678	29	1
5679	29	1
5680	29	1
5681	29	1
5682	29	1
5683	29	1
5684	29	1
5685	29	1
5686	29	1
5687	29	1
5688	29	1
5689	29	1
5690	29	1
5691	29	1
5692	29	1
5693	29	1
5694	29	1
5695	29	1
5696	29	1
5697	29	1
5698	29	1
5699	29	1
5700	29	1
5701	29	1
5702	29	1
5703	29	1
5704	29	1
5705	29	1
5706	29	1
5707	29	1
5708	29	1
5709	29	1
5710	29	1
5711	29	1
5712	29	1
5713	29	1
5714	29	1
5715	29	1
5716	29	1
5717	29	1
5718	29	1
5719	29	1
5720	29	1
5721	29	1
5722	29	1
5723	29	1
5724	29	1
5725	29	1
5726	29	1
5727	29	1
5728	29	1
5729	29	1
5730	29	1
5731	29	1
5732	29	1
5733	29	1
5734	29	1
5735	29	1
5736	29	1
5737	29	1
5738	29	1
5739	29	1
5740	29	1
5741	29	1
5742	29	1
5743	29	1
5744	29	1
5745	29	1
5746	30	1
5747	30	1
5748	30	1
5749	30	1
5750	30	1
5751	30	1
5752	30	1
5753	30	1
5754	30	1
5755	30	1
5756	30	1
5757	30	1
5758	31	1
5759	31	1
5760	31	1
5761	31	1
5762	31	1
5763	31	1
5764	31	1
5765	31	1
5766	31	1
5767	31	1
5768	31	1
5769	31	1
5770	31	1
5771	31	1
5772	31	1
5773	31	1
5774	31	1
5775	31	1
5776	31	1
5777	31	1
5778	31	1
5779	31	1
5780	31	1
5781	31	1
5782	31	1
5783	31	1
5784	31	1
5785	31	1
5786	31	1
5787	31	1
5788	31	1
5789	31	1
5790	31	1
5791	31	1
5792	31	1
5793	31	1
5794	31	1
5795	31	1
5796	31	1
5797	31	1
5798	31	1
5799	31	1
5800	31	1
5801	31	1
5802	31	1
5803	31	1
5804	31	1
5805	31	1
5806	31	1
5807	31	1
5808	31	1
5809	31	1
5810	31	1
5811	31	1
5812	31	1
5813	31	1
5814	31	1
5815	31	1
5816	31	1
5817	31	1
5818	31	1
5819	31	1
5820	31	1
5821	31	1
5822	31	1
5823	31	1
5824	31	1
5825	31	1
5826	31	1
5827	31	1
5828	31	1
5829	31	1
5830	31	1
5831	31	1
5832	31	1
5833	31	1
5834	31	1
5835	31	1
5836	31	1
5837	31	1
5838	31	1
5839	31	1
5840	31	1
5841	31	1
5842	31	1
5843	31	1
5844	31	1
5845	31	1
5846	31	1
5847	31	1
5848	31	1
5849	31	1
5850	31	1
5851	31	1
5852	31	1
5853	31	1
5854	31	1
5855	31	1
5856	31	1
5857	31	1
5858	31	1
5859	31	1
5860	31	1
5861	31	1
5862	31	1
5863	31	1
5864	31	1
5865	31	1
5866	31	1
5867	31	1
5868	31	1
5869	31	1
5870	31	1
5871	31	1
5872	31	1
5873	31	1
5874	31	1
5875	31	1
5876	31	1
5877	31	1
5878	31	1
5879	31	1
5880	31	1
5881	31	1
5882	31	1
5883	31	1
5884	31	1
5885	31	1
5886	31	1
5887	31	1
5888	31	1
5889	31	1
5890	31	1
5891	31	1
5892	31	1
5893	31	1
5894	31	1
5895	31	1
5896	31	1
5897	31	1
5898	31	1
5899	31	1
5900	31	1
5901	31	1
5902	31	1
5903	31	1
5904	31	1
5905	31	1
5906	31	1
5907	31	1
5908	31	1
5909	31	1
5910	31	1
5911	31	1
5912	31	1
5913	31	1
5914	31	1
5915	31	1
5916	31	1
5917	31	1
5918	31	1
5919	31	1
5920	31	1
5921	31	1
5922	31	1
5923	31	1
5924	31	1
5925	31	1
5926	31	1
5927	31	1
5928	31	1
5929	31	1
5930	31	1
5931	31	1
5932	31	1
5933	31	1
5934	31	1
5935	31	1
5936	31	1
5937	31	1
5938	31	1
5939	31	1
5940	31	1
5941	31	1
5942	31	1
5943	31	1
5944	31	1
5945	31	1
5946	31	1
5947	31	1
5948	31	1
5949	31	1
5950	31	1
5951	31	1
5952	31	1
5953	31	1
5954	31	1
5955	31	1
5956	31	1
5957	31	1
5958	31	1
5959	31	1
5960	31	1
5961	31	1
5962	31	1
5963	31	1
5964	31	1
5965	31	1
5966	31	1
5967	31	1
5968	31	1
5969	31	1
5970	31	1
5971	31	1
5972	31	1
5973	31	1
5974	31	1
5975	31	1
5976	31	1
5977	31	1
5978	31	1
5979	31	1
5980	31	1
5981	31	1
5982	31	1
5983	31	1
5984	31	1
5985	31	1
5986	31	1
5987	31	1
5988	31	1
5989	31	1
5990	31	1
5991	31	1
5992	31	1
5993	31	1
5994	31	1
5995	31	1
5996	31	1
5997	31	1
5998	31	1
5999	31	1
6000	31	1
6001	31	1
6002	31	1
6003	31	1
6004	31	1
6005	31	1
6006	31	1
6007	31	1
6008	31	1
6009	31	1
6010	31	1
6011	31	1
6012	31	1
6013	31	1
6014	31	1
6015	31	1
6016	31	1
6017	31	1
6018	31	1
6019	31	1
6020	31	1
6021	31	1
6022	31	1
6023	31	1
6024	31	1
6025	31	1
6026	31	1
6027	31	1
6028	31	1
6029	31	1
6030	31	1
6031	31	1
6032	31	1
6033	31	1
6034	31	1
6035	31	1
6036	31	1
6037	31	1
6038	31	1
6039	31	1
6040	31	1
6041	31	1
6042	31	1
6043	31	1
6044	31	1
6045	31	1
6046	31	1
6047	31	1
6048	31	1
6049	31	1
6050	31	1
6051	31	1
6052	31	1
6053	31	1
6054	31	1
6055	31	1
6056	31	1
6057	31	1
6058	31	1
6059	31	1
6060	31	1
6061	31	1
6062	31	1
6063	31	1
6064	31	1
6065	31	1
6066	31	1
6067	31	1
6068	31	1
6069	31	1
6070	31	1
6071	31	1
6072	31	1
6073	31	1
6074	31	1
6075	31	1
6076	31	1
6077	31	1
6078	31	1
6079	31	1
6080	31	1
6081	31	1
6082	31	1
6083	31	1
6084	31	1
6085	31	1
6086	31	1
6087	31	1
6088	31	1
6089	31	1
6090	31	1
6091	31	1
6092	31	1
6093	31	1
6094	31	1
6095	31	1
6096	31	1
6097	31	1
6098	31	1
6099	31	1
6100	31	1
6101	31	1
6102	31	1
6103	31	1
6104	31	1
6105	31	1
6106	31	1
6107	31	1
6108	31	1
6109	31	1
6110	31	1
6111	31	1
6112	31	1
6113	31	1
6114	31	1
6115	31	1
6116	31	1
6117	31	1
6118	31	1
6119	31	1
6120	31	1
6121	31	1
6122	31	1
6123	31	1
6124	31	1
6125	31	1
6126	31	1
6127	31	1
6128	31	1
6129	31	1
6130	31	1
6131	31	1
6132	31	1
6133	31	1
6134	31	1
6135	31	1
6136	31	1
6137	31	1
6138	31	1
6139	31	1
6140	31	1
6141	31	1
6142	31	1
6143	31	1
6144	31	1
6145	31	1
6146	31	1
6147	31	1
6148	31	1
6149	31	1
6150	31	1
6151	31	1
6152	31	1
6153	31	1
6154	31	1
6155	31	1
6156	31	1
6157	31	1
6158	31	1
6159	31	1
6160	31	1
6161	31	1
6162	31	1
6163	31	1
6164	31	1
6165	31	1
6166	31	1
6167	31	1
6168	31	1
6169	31	1
6170	31	1
6171	31	1
6172	31	1
6173	31	1
6174	31	1
6175	31	1
6176	31	1
6177	31	1
6178	31	1
6179	31	1
6180	31	1
6181	31	1
6182	31	1
6183	31	1
6184	31	1
6185	32	1
6186	32	1
6187	32	1
6188	32	1
6189	32	1
6190	32	1
6191	32	1
6192	32	1
6193	32	1
6194	32	1
6195	32	1
6196	32	1
6197	32	1
6198	32	1
6199	32	1
6200	32	1
6201	32	1
6202	32	1
6203	32	1
6204	32	1
6205	32	1
6206	32	1
6207	32	1
6208	32	1
6209	32	1
6210	32	1
6211	32	1
6212	32	1
6213	32	1
6214	32	1
6215	32	1
6216	32	1
6217	32	1
6218	32	1
6219	32	1
6220	32	1
6221	32	1
6222	32	1
6223	32	1
6224	32	1
6225	32	1
6226	32	1
6227	32	1
6228	32	1
6229	32	1
6230	32	1
6231	32	1
6232	32	1
6233	32	1
6234	32	1
6235	32	1
6236	32	1
6237	32	1
6238	32	1
6239	32	1
6240	32	1
6241	32	1
6242	32	1
6243	32	1
6244	32	1
6245	32	1
6246	32	1
6247	32	1
6248	32	1
6249	32	1
6250	32	1
6251	32	1
6252	32	1
6253	32	1
6254	32	1
6255	32	1
6256	32	1
6257	32	1
6258	32	1
6259	32	1
6260	32	1
6261	32	1
6262	32	1
6263	32	1
6264	32	1
6265	32	1
6266	32	1
6267	32	1
6268	32	1
6269	32	1
6270	32	1
6271	32	1
6272	32	1
6273	32	1
6274	32	1
6275	32	1
6276	32	1
6277	32	1
6278	32	1
6279	32	1
6280	32	1
6281	32	1
6282	32	1
6283	32	1
6284	32	1
6285	32	1
6286	32	1
6287	32	1
6288	32	1
6289	32	1
6290	32	1
6291	32	1
6292	32	1
6293	32	1
6294	32	1
6295	32	1
6296	32	1
6297	32	1
6298	32	1
6299	32	1
6300	32	1
6301	32	1
6302	32	1
6303	32	1
6304	32	1
6305	32	1
6306	32	1
6307	32	1
6308	32	1
6309	32	1
6310	32	1
6311	32	1
6312	32	1
6313	32	1
6314	32	1
6315	32	1
6316	32	1
6317	32	1
6318	32	1
6319	33	1
6320	33	1
6321	33	1
6322	33	1
6323	33	1
6324	33	1
6325	33	1
6326	33	1
6327	33	1
6328	33	1
6329	33	1
6330	33	1
6331	33	1
6332	33	1
6333	33	1
6334	33	1
6335	33	1
6336	33	1
6337	33	1
6338	33	1
6339	33	1
6340	33	1
6341	33	1
6342	33	1
6343	33	1
6344	33	1
6345	33	1
6346	33	1
6347	33	1
6348	33	1
6349	33	1
6350	33	1
6351	33	1
6352	33	1
6353	33	1
6354	33	1
6355	33	1
6356	33	1
6357	33	1
6358	33	1
6359	33	1
6360	33	1
6361	33	1
6362	33	1
6363	33	1
6364	33	1
6365	33	1
6366	33	1
6367	33	1
6368	33	1
6369	33	1
6370	33	1
6371	33	1
6372	33	1
6373	33	1
6374	33	1
6375	33	1
6376	33	1
6377	33	1
6378	33	1
6379	33	1
6380	33	1
6381	33	1
6382	33	1
6383	33	1
6384	33	1
6385	33	1
6386	33	1
6387	33	1
6388	33	1
6389	33	1
6390	33	1
6391	33	1
6392	33	1
6393	33	1
6394	33	1
6395	33	1
6396	33	1
6397	33	1
6398	33	1
6399	33	1
6400	33	1
6401	33	1
6402	33	1
6403	33	1
6404	33	1
6405	33	1
6406	33	1
6407	33	1
6408	33	1
6409	33	1
6410	33	1
6411	33	2
6412	33	2
6413	33	2
6414	33	2
6415	33	2
6416	33	2
6417	33	2
6418	33	2
6419	33	2
6420	33	2
6421	33	2
6422	33	2
6423	33	2
6424	33	2
6425	33	2
6426	33	2
6427	33	2
6428	33	2
6429	33	2
6430	33	2
6431	33	2
6432	33	2
6433	33	2
6434	33	2
6435	33	2
6436	33	2
6437	33	2
6438	33	2
6439	33	2
6440	33	2
6441	33	2
6442	33	2
6443	33	2
6444	33	2
6445	33	2
6446	33	2
6447	33	2
6448	33	2
6449	33	2
6450	33	2
6451	33	2
6452	33	2
6453	33	2
6454	33	2
6455	33	2
6456	33	2
6457	33	2
6458	33	2
6459	33	2
6460	33	2
6461	33	2
6462	33	2
6463	33	2
6464	33	2
6465	33	2
6466	33	2
6467	33	2
6468	33	2
6469	33	2
6470	33	2
6471	33	2
6472	33	2
6473	33	2
6474	33	2
6475	33	2
6476	33	2
6477	33	2
6478	33	2
6479	33	2
6480	33	2
6481	33	2
6482	33	2
6483	33	2
6484	33	2
6485	33	2
6486	33	2
6487	33	2
6488	33	2
6489	33	2
6490	33	2
6491	33	2
6492	33	2
6493	33	2
6494	33	2
6495	33	2
6496	33	2
6497	33	2
6498	33	2
6499	33	2
6500	33	2
6501	33	2
6502	33	2
6503	33	2
6504	33	2
6505	33	2
6506	33	2
6507	33	2
6508	33	2
6509	33	2
6510	33	2
6511	33	2
6512	33	2
6513	33	2
6514	33	2
6515	33	2
6516	33	2
6517	33	2
6518	33	2
6519	33	2
6520	33	2
6521	33	2
6522	33	2
6523	33	2
6524	33	2
6525	33	2
6526	33	2
6527	33	2
6528	33	2
6529	33	2
6530	33	2
6531	33	2
6532	33	2
6533	33	2
6534	33	2
6535	33	2
6536	33	2
6537	33	2
6538	33	2
6539	33	2
6540	33	2
6541	33	2
6542	33	2
6543	33	2
6544	33	2
6545	33	2
6546	33	2
6547	33	2
6548	33	2
6549	33	2
6550	33	2
6551	33	2
6552	33	2
6553	33	2
6554	33	2
6555	33	2
6556	33	2
6557	33	2
6558	33	2
6559	33	2
6560	33	2
6561	33	2
6562	33	2
6563	33	2
6564	33	2
6565	33	2
6566	33	2
6567	33	2
6568	33	2
6569	33	2
6570	33	2
6571	33	2
6572	33	2
6573	33	2
6574	33	2
6575	33	2
6576	33	2
6577	33	2
6578	33	2
6579	33	2
6580	33	2
6581	33	2
6582	33	2
6583	33	2
6584	33	2
6585	33	2
6586	33	2
6587	33	2
6588	33	2
6589	33	2
6590	33	2
6591	33	2
6592	33	2
6593	33	2
6594	33	2
6595	33	2
6596	33	2
6597	33	2
6598	33	2
6599	33	2
6600	33	2
6601	33	2
6602	33	2
6603	33	2
6604	33	2
6605	33	2
6606	33	2
6607	33	2
6608	33	2
6609	33	2
6610	33	2
6611	33	2
6612	33	2
6613	33	2
6614	33	2
6615	33	2
6616	33	2
6617	33	2
6618	33	2
6619	33	2
6620	33	2
6621	33	2
6622	33	2
6623	33	2
6624	33	2
6625	33	2
6626	33	2
6627	33	2
6628	33	2
6629	33	2
6630	33	2
6631	33	2
6632	33	2
6633	33	2
6634	33	2
6635	33	2
6636	33	2
6637	33	2
6638	33	2
6639	33	2
6640	33	2
6641	33	2
6642	33	2
6643	33	2
6644	33	2
6645	33	2
6646	33	2
6647	33	2
6648	33	2
6649	33	2
6650	33	2
6651	33	2
6652	33	2
6653	33	2
6654	33	2
6655	33	2
6656	33	2
6657	33	2
6658	33	2
6659	33	2
6660	33	2
6661	33	2
6662	33	2
6663	33	2
6664	33	2
6665	33	2
6666	33	2
6667	33	2
6668	33	2
6669	33	2
6670	33	2
6671	33	2
6672	33	2
6673	33	2
6674	33	2
6675	33	2
6676	33	2
6677	33	2
6678	33	2
6679	33	2
6680	33	2
6681	33	2
6682	33	2
6683	33	2
6684	33	2
6685	33	2
6686	33	2
6687	33	2
6688	33	2
6689	33	2
6690	33	2
6691	33	2
6692	33	2
6693	33	2
6694	33	2
6695	33	2
6696	33	2
6697	33	2
6698	33	2
6699	33	2
6700	33	2
6701	33	2
6702	33	2
6703	33	2
6704	33	2
6705	33	2
6706	33	2
6707	33	2
6708	33	2
6709	33	2
6710	33	2
6711	33	2
6712	33	2
6713	33	2
6714	33	2
6715	33	2
6716	33	2
6717	33	2
6718	33	2
6719	33	2
6720	33	2
6721	33	2
6722	33	2
6723	33	2
6724	33	2
6725	33	2
6726	33	2
6727	33	2
6728	33	2
6729	33	2
6730	33	2
6731	33	2
6732	33	2
6733	33	2
6734	33	2
6735	33	2
6736	33	2
6737	33	2
6738	33	2
6739	33	2
6740	33	2
6741	33	2
6742	33	2
6743	33	2
6744	33	2
6745	33	2
6746	33	2
6747	33	2
6748	33	2
6749	33	2
6750	33	2
6751	33	2
6752	33	2
6753	33	2
6754	33	2
6755	33	2
6756	33	2
6757	33	2
6758	33	2
6759	33	2
6760	33	2
6761	33	2
6762	33	2
6763	33	2
6764	33	2
6765	33	2
6766	33	2
6767	33	2
6768	33	2
6769	33	2
6770	33	2
6771	33	2
6772	33	2
6773	33	2
6774	33	2
6775	33	2
6776	33	2
6777	33	2
6778	33	2
6779	33	2
6780	33	2
6781	33	2
6782	33	2
6783	33	2
6784	33	2
6785	33	2
6786	33	2
6787	33	2
6788	33	2
6789	33	2
6790	33	2
6791	33	2
6792	33	2
6793	33	2
6794	33	2
6795	33	2
6796	33	2
6797	33	2
6798	33	2
6799	33	2
6800	33	2
6801	33	2
6802	33	2
6803	33	2
6804	33	2
6805	33	2
6806	33	2
6807	33	2
6808	33	2
6809	33	2
6810	33	2
6811	33	2
6812	33	2
6813	33	2
6814	33	2
6815	33	2
6816	33	2
6817	33	2
6818	33	2
6819	33	2
6820	33	2
6821	34	2
6822	34	2
6823	34	2
6824	34	2
6825	34	2
6826	34	2
6827	34	2
6828	34	2
6829	34	2
6830	34	2
6831	34	2
6832	34	2
6833	34	2
6834	34	2
6835	34	2
6836	34	2
6837	34	2
6838	34	2
6839	34	2
6840	34	2
6841	34	2
6842	34	2
6843	34	2
6844	34	2
6845	34	2
6846	34	2
6847	34	2
6848	34	2
6849	34	2
6850	34	2
6851	34	2
6852	34	2
6853	34	2
6854	34	2
6855	34	2
6856	34	2
6857	34	2
6858	34	2
6859	34	2
6860	34	2
6861	34	2
6862	34	2
6863	34	2
6864	34	2
6865	34	2
6866	34	2
6867	34	2
6868	34	2
6869	34	2
6870	34	2
6871	34	2
6872	34	2
6873	34	2
6874	34	2
6875	34	2
6876	34	2
6877	34	2
6878	34	2
6879	34	2
6880	34	2
6881	34	2
6882	34	2
6883	34	2
6884	34	2
6885	34	2
6886	34	2
6887	34	2
6888	34	2
6889	34	2
6890	34	2
6891	34	2
6892	34	2
6893	34	2
6894	34	2
6895	34	2
6896	34	2
6897	34	2
6898	34	2
6899	34	2
6900	34	2
6901	34	2
6902	34	2
6903	34	2
6904	34	2
6905	34	2
6906	34	2
6907	34	2
6908	34	2
6909	34	2
6910	34	2
6911	34	2
6912	34	2
6913	34	2
6914	34	2
6915	34	2
6916	34	2
6917	34	2
6918	34	2
6919	34	2
6920	34	2
6921	34	2
6922	34	2
6923	34	2
6924	34	2
6925	34	2
6926	34	2
6927	34	2
6928	34	2
6929	34	2
6930	34	2
6931	34	2
6932	34	2
6933	34	2
6934	34	2
6935	34	2
6936	34	2
6937	34	2
6938	34	2
6939	34	2
6940	34	2
6941	34	2
6942	34	2
6943	34	2
6944	34	2
6945	34	2
6946	34	2
6947	34	2
6948	34	2
6949	34	2
6950	34	2
6951	34	2
6952	34	2
6953	34	2
6954	34	2
6955	34	2
6956	34	2
6957	34	2
6958	34	2
6959	34	2
6960	34	2
6961	34	2
6962	34	2
6963	34	2
6964	34	2
6965	34	2
6966	34	2
6967	34	2
6968	34	2
6969	34	2
6970	34	2
6971	34	2
6972	34	2
6973	34	2
6974	34	2
6975	34	2
6976	34	2
6977	34	2
6978	34	2
6979	34	2
6980	34	2
6981	34	2
6982	34	2
6983	34	2
6984	34	2
6985	34	2
6986	34	2
6987	34	2
6988	34	2
6989	34	2
6990	34	2
6991	34	2
6992	34	2
6993	34	2
6994	34	2
6995	34	2
6996	34	2
6997	34	2
6998	34	2
6999	34	2
7000	34	2
7001	34	2
7002	34	2
7003	34	2
7004	34	2
7005	34	2
7006	34	2
7007	34	2
7008	34	2
7009	34	2
7010	34	2
7011	34	2
7012	34	2
7013	34	2
7014	34	2
7015	34	2
7016	34	2
7017	34	2
7018	34	2
7019	34	2
7020	34	3
7021	34	3
7022	34	3
7023	34	3
7024	34	3
7025	34	3
7026	34	3
7027	34	3
7028	34	3
7029	34	3
7030	34	3
7031	34	3
7032	34	3
7033	34	3
7034	34	3
7035	34	3
7036	34	3
7037	34	3
7038	34	3
7039	34	3
7040	34	3
7041	34	3
7042	34	3
7043	34	3
7044	34	3
7045	34	3
7046	34	3
7047	34	3
7048	34	3
7049	34	3
7050	34	3
7051	34	3
7052	34	3
7053	34	3
7054	34	3
7055	34	3
7056	34	3
7057	34	3
7058	34	3
7059	34	3
7060	34	3
7061	34	3
7062	34	3
7063	34	3
7064	34	3
7065	34	3
7066	34	3
7067	34	3
7068	34	3
7069	34	3
7070	34	3
7071	34	3
7072	34	3
7073	34	3
7074	34	3
7075	34	3
7076	34	3
7077	34	3
7078	34	3
7079	34	3
7080	34	3
7081	34	3
7082	34	3
7083	34	3
7084	34	3
7085	34	3
7086	34	3
7087	34	3
7088	34	3
7089	34	3
7090	34	3
7091	34	3
7092	34	3
7093	34	3
7094	34	3
7095	34	3
7096	34	3
7097	34	3
7098	34	3
7099	34	3
7100	34	3
7101	34	3
7102	34	3
7103	34	3
7104	34	3
7105	34	3
7106	34	3
7107	34	3
7108	34	3
7109	34	3
7110	34	3
7111	34	3
7112	34	3
7113	34	3
7114	34	3
7115	34	3
7116	34	3
7117	34	3
7118	34	3
7119	34	3
7120	34	3
7121	34	3
7122	34	3
7123	34	3
7124	34	3
7125	34	3
7126	34	3
7127	34	3
7128	34	3
7129	34	3
7130	34	3
7131	34	3
7132	34	3
7133	34	3
7134	34	3
7135	34	3
7136	34	3
7137	34	3
7138	34	3
7139	34	3
7140	34	3
7141	34	3
7142	34	3
7143	34	3
7144	34	3
7145	34	3
7146	34	3
7147	34	3
7148	34	3
7149	34	3
7150	34	3
7151	34	3
7152	34	3
7153	34	3
7154	34	3
7155	34	3
7156	34	3
7157	34	3
7158	34	3
7159	34	3
7160	34	3
7161	34	3
7162	34	3
7163	34	3
7164	34	3
7165	34	3
7166	34	3
7167	34	3
7168	34	3
7169	34	3
7170	34	3
7171	34	3
7172	34	3
7173	34	3
7174	34	3
7175	34	3
7176	34	3
7177	34	3
7178	34	3
7179	34	3
7180	34	3
7181	34	3
7182	34	3
7183	34	3
7184	34	3
7185	34	3
7186	34	3
7187	34	3
7188	34	3
7189	34	3
7190	34	3
7191	34	3
7192	34	3
7193	34	3
7194	34	3
7195	34	3
7196	34	3
7197	34	3
7198	34	3
7199	34	3
7200	34	3
7201	34	3
7202	34	3
7203	34	3
7204	34	3
7205	34	3
7206	34	3
7207	34	3
7208	34	3
7209	34	3
7210	34	3
7211	34	3
7212	34	3
7213	34	3
7214	34	3
7215	34	3
7216	34	3
7217	34	3
7218	34	3
7219	34	3
7220	34	3
7221	34	3
7222	34	3
7223	34	3
7224	34	3
7225	34	3
7226	34	3
7227	34	3
7228	34	3
7229	34	3
7230	34	3
7231	34	3
7232	34	3
7233	34	3
7234	34	3
7235	34	3
7236	34	3
7237	34	3
7238	34	3
7239	34	3
7240	34	3
7241	34	3
7242	34	3
7243	34	3
7244	34	3
7245	34	3
7246	34	3
7247	34	3
7248	34	3
7249	34	3
7250	34	3
7251	34	3
7252	34	3
7253	34	3
7254	34	3
7255	34	3
7256	34	3
7257	34	3
7258	34	3
7259	34	3
7260	34	3
7261	34	3
7262	34	3
7263	34	3
7264	34	3
7265	34	3
7266	34	3
7267	34	3
7268	34	3
7269	34	3
7270	34	3
7271	34	3
7272	34	3
7273	34	3
7274	34	3
7275	34	3
7276	34	3
7277	34	3
7278	34	3
7279	34	3
7280	34	3
7281	34	3
7282	34	3
7283	34	3
7284	34	3
7285	34	3
7286	34	3
7287	34	3
7288	34	3
7289	34	3
7290	34	3
7291	34	3
7292	34	3
7293	34	3
7294	34	3
7295	34	3
7296	34	3
7297	34	3
7298	34	3
7299	34	3
7300	34	3
7301	34	3
7302	34	3
7303	34	3
7304	34	3
7305	34	3
7306	34	3
7307	34	3
7308	34	3
7309	34	3
7310	34	3
7311	34	3
7312	34	3
7313	34	3
7314	34	3
7315	34	3
7316	34	3
7317	34	3
7318	34	3
7319	34	3
7320	34	3
7321	34	3
7322	34	3
7323	34	3
7324	34	3
7325	34	3
7326	34	3
7327	34	3
7328	34	3
7329	34	3
7330	34	3
7331	34	3
7332	34	3
7333	34	3
7334	34	3
7335	34	3
7336	34	3
7337	34	3
7338	34	3
7339	34	3
7340	34	3
7341	34	3
7342	34	3
7343	34	3
7344	34	3
7345	34	3
7346	34	3
7347	34	3
7348	34	3
7349	34	3
7350	34	3
7351	34	3
7352	34	3
7353	34	3
7354	34	3
7355	34	3
7356	34	3
7357	34	3
7358	34	3
7359	34	3
7360	34	3
7361	34	3
7362	34	3
7363	34	3
7364	34	3
7365	34	3
7366	34	3
7367	34	3
7368	34	3
7369	34	3
7370	34	3
7371	34	3
7372	34	3
7373	34	3
7374	34	3
7375	34	3
7376	34	3
7377	34	3
7378	34	3
7379	34	3
7380	34	3
7381	34	3
7382	34	3
7383	34	3
7384	34	3
7385	34	3
7386	34	3
7387	34	3
7388	34	3
7389	34	3
7390	34	3
7391	34	3
7392	34	3
7393	34	3
7394	34	3
7395	34	3
7396	34	3
7397	34	3
7398	34	3
7399	34	3
7400	34	3
7401	34	3
7402	34	3
7403	34	3
7404	34	3
7405	34	3
7406	34	3
7407	34	3
7408	34	3
7409	34	3
7410	34	3
7411	34	3
7412	34	3
7413	34	3
7414	34	3
7415	34	3
7416	34	3
7417	34	3
7418	34	3
7419	34	3
7420	34	3
7421	34	3
7422	34	3
7423	34	3
7424	34	3
7425	34	3
7426	34	3
7427	34	3
7428	34	3
7429	34	3
7430	34	3
7431	34	3
7432	34	3
7433	34	3
7434	34	3
7435	34	3
7436	34	3
7437	34	3
7438	34	3
7439	34	3
7440	34	3
7441	34	3
7442	34	3
7443	34	3
7444	34	3
7445	34	3
7446	34	3
7447	34	3
7448	34	3
7449	34	3
7450	34	3
7451	34	3
7452	34	3
7453	34	3
7454	34	3
7455	34	3
7456	34	3
7457	34	3
7458	34	3
7459	34	3
7460	34	3
7461	34	3
7462	34	3
7463	34	3
7464	34	3
7465	34	3
7466	34	3
7467	34	3
7468	34	3
7469	34	3
7470	34	3
7471	34	3
7472	34	3
7473	34	3
7474	34	3
7475	34	3
7476	34	3
7477	34	3
7478	34	3
7479	34	3
7480	34	3
7481	34	3
7482	34	3
7483	34	3
7484	34	3
7485	34	3
7486	34	3
7487	34	3
7488	34	3
7489	34	3
7490	34	3
7491	34	3
7492	34	3
7493	34	3
7494	34	3
7495	34	3
7496	34	3
7497	34	3
7498	34	3
7499	34	3
7500	34	3
7501	34	3
7502	34	3
7503	34	3
7504	34	3
7505	34	3
7506	34	3
7507	34	3
7508	34	3
7509	34	3
7510	34	3
7511	34	3
7512	34	3
7513	34	3
7514	34	3
7515	34	3
7516	34	3
7517	34	3
7518	34	3
7519	34	3
7520	34	3
7521	34	3
7522	34	3
7523	34	3
7524	34	3
7525	34	3
7526	34	3
7527	34	3
7528	34	3
7529	34	3
7530	34	3
7531	34	3
7532	34	3
7533	34	3
7534	34	3
7535	34	3
7536	34	3
7537	34	3
7538	34	3
7539	34	3
7540	34	3
7541	34	3
7542	34	3
7543	34	3
7544	34	3
7545	34	3
7546	34	3
7547	34	3
7548	34	3
7549	34	3
7550	34	3
7551	34	3
7552	34	3
7553	34	3
7554	34	3
7555	34	3
7556	34	3
7557	34	3
7558	34	3
7559	34	3
7560	34	3
7561	34	3
7562	34	3
7563	34	3
7564	34	3
7565	34	3
7566	34	3
7567	34	3
7568	34	3
7569	34	3
7570	34	3
7571	34	3
7572	34	3
7573	34	3
7574	34	3
7575	34	3
7576	34	3
7577	34	3
7578	34	3
7579	34	3
7580	34	3
7581	34	3
7582	34	3
7583	34	3
7584	34	3
7585	34	3
7586	34	3
7587	34	3
7588	34	3
7589	34	3
7590	34	3
7591	34	3
7592	34	3
7593	34	3
7594	34	3
7595	34	3
7596	34	3
7597	34	3
7598	34	3
7599	34	3
7600	34	3
7601	34	3
7602	34	3
7603	34	3
7604	34	3
7605	34	3
7606	34	3
7607	34	3
7608	34	3
7609	34	3
7610	34	3
7611	34	3
7612	34	3
7613	34	3
7614	34	3
7615	34	3
7616	34	3
7617	34	3
7618	34	3
7619	34	3
7620	34	3
7621	34	3
7622	34	3
7623	34	3
7624	34	3
7625	34	3
7626	34	3
7627	34	3
7628	34	3
7629	34	3
7630	34	3
7631	34	3
7632	34	3
7633	34	3
7634	34	3
7635	34	3
7636	34	3
7637	34	3
7638	34	3
7639	34	3
7640	34	3
7641	34	3
7642	34	3
7643	34	3
7644	34	3
7645	34	3
7646	34	3
7647	34	3
7648	34	3
7649	34	3
7650	34	3
7651	34	3
7652	34	3
7653	34	3
7654	34	3
7655	34	3
7656	34	3
7657	34	3
7658	34	3
7659	34	3
7660	34	3
7661	34	3
7662	34	3
7663	34	3
7664	34	3
7665	34	3
7666	34	3
7667	34	3
7668	34	3
7669	34	3
7670	34	3
7671	34	3
7672	34	3
7673	34	3
7674	34	3
7675	34	3
7676	34	3
7677	34	3
7678	34	3
7679	34	3
7680	34	3
7681	34	3
7682	34	3
7683	34	3
7684	34	3
7685	34	3
7686	34	3
7687	34	3
7688	34	3
7689	34	3
7690	34	3
7691	34	3
7692	34	3
7693	34	3
7694	34	3
7695	34	3
7696	34	3
7697	34	3
7698	34	3
7699	34	3
7700	34	3
7701	34	3
7702	34	3
7703	34	3
7704	34	3
7705	34	3
7706	34	3
7707	34	3
7708	34	3
7709	34	3
7710	34	3
7711	34	3
7712	34	3
7713	34	3
7714	34	3
7715	34	3
7716	34	3
7717	34	3
7718	34	3
7719	34	3
7720	34	3
7721	34	3
7722	34	3
7723	34	3
7724	34	3
7725	34	3
7726	34	3
7727	34	3
7728	34	3
7729	34	3
7730	34	3
7731	34	3
7732	34	3
7733	34	3
7734	34	3
7735	34	3
7736	34	3
7737	34	3
7738	34	3
7739	34	3
7740	34	3
7741	34	3
7742	34	3
7743	34	3
7744	34	3
7745	34	3
7746	34	3
7747	34	3
7748	34	3
7749	34	3
7750	34	3
7751	34	3
7752	34	3
7753	34	3
7754	34	3
7755	34	3
7756	34	3
7757	34	4
7758	34	4
7759	34	4
7760	34	4
7761	34	4
7762	34	4
7763	34	4
7764	34	4
7765	34	4
7766	34	4
7767	34	4
7768	34	4
7769	34	4
7770	34	4
7771	34	4
7772	34	4
7773	34	4
7774	34	4
7775	34	4
7776	34	4
7777	34	4
7778	34	4
7779	34	4
7780	34	4
7781	34	4
7782	34	4
7783	34	4
7784	34	4
7785	34	4
7786	34	4
7787	34	4
7788	34	4
7789	34	4
7790	34	4
7791	34	4
7792	34	4
7793	34	4
7794	34	4
7795	34	4
7796	34	4
7797	34	4
7798	34	4
7799	34	4
7800	34	4
7801	34	4
7802	34	4
7803	34	4
7804	34	4
7805	34	4
7806	34	4
7807	34	4
7808	34	4
7809	34	4
7810	34	4
7811	34	4
7812	34	4
7813	34	4
7814	34	4
7815	34	4
7816	34	4
7817	34	4
7818	34	4
7819	34	4
7820	34	4
7821	34	4
7822	34	4
7823	34	4
7824	34	4
7825	34	4
7826	34	4
7827	34	4
7828	34	4
7829	34	4
7830	34	4
7831	34	4
7832	34	4
7833	34	4
7834	34	4
7835	34	4
7836	34	4
7837	34	4
7838	34	5
7839	34	5
7840	34	5
7841	34	5
7842	34	5
7843	34	5
7844	34	5
7845	34	5
7846	34	5
7847	34	5
7848	34	5
7849	34	5
7850	34	4
7851	34	4
7852	34	4
7853	34	4
7854	34	4
7855	34	4
7856	34	4
7857	34	4
7858	34	4
7859	34	4
7860	34	4
7861	34	4
7862	34	4
7863	34	4
7864	34	4
7865	34	4
7866	34	4
7867	34	4
7868	34	4
7869	34	4
7870	34	4
7871	34	4
7872	34	4
7873	34	4
7874	34	4
7875	34	4
7876	34	4
7877	34	4
7878	34	4
7879	34	4
7880	34	4
7881	34	4
7882	34	4
7883	34	4
7884	34	4
7885	34	4
7886	34	4
7887	34	4
7888	34	4
7889	34	4
7890	34	4
7891	34	4
7892	34	4
7893	34	4
7894	34	4
7895	34	4
7896	34	4
7897	34	4
7898	34	4
7899	34	4
7900	34	4
7901	34	4
7902	34	4
7903	34	4
7904	34	4
7905	34	4
7906	34	4
7907	34	4
7908	34	4
7909	34	4
7910	34	4
7911	34	4
7912	34	4
7913	34	4
7914	34	4
7915	34	4
7916	34	4
7917	34	4
7918	34	4
7919	34	4
7920	34	4
7921	34	4
7922	34	4
7923	34	4
7924	34	4
7925	34	4
7926	34	4
7927	34	4
7928	34	4
7929	34	4
7930	34	4
7931	34	4
7932	34	4
7933	34	4
7934	34	4
7935	34	4
7936	34	4
7937	34	4
7938	34	4
7939	34	4
7940	34	4
7941	34	4
7942	34	4
7943	34	4
7944	34	4
7945	34	4
7946	34	4
7947	34	4
7948	34	4
7949	34	4
7950	34	4
7951	34	4
7952	34	4
7953	34	4
7954	34	4
7955	34	4
7956	34	4
7957	34	4
7958	34	4
7959	34	4
7960	34	4
7961	34	4
7962	34	4
7963	34	4
7964	34	4
7965	34	4
7966	34	4
7967	34	4
7968	34	4
7969	34	4
7970	34	4
7971	34	4
7972	34	4
7973	34	4
7974	34	4
7975	34	4
7976	34	4
7977	34	4
7978	34	4
7979	34	4
7980	34	4
7981	34	4
7982	34	4
7983	34	4
7984	34	4
7985	34	4
7986	34	4
7987	34	4
7988	34	4
7989	34	4
7990	34	4
7991	34	4
7992	34	4
7993	34	4
7994	34	4
7995	34	4
7996	34	4
7997	34	4
7998	34	4
7999	34	4
8000	34	4
8001	34	4
8002	34	4
8003	34	4
8004	34	4
8005	34	4
8006	34	4
8007	34	4
8008	34	4
8009	34	4
8010	34	4
8011	34	4
8012	34	4
8013	34	4
8014	34	4
8015	34	4
8016	34	4
8017	34	4
8018	34	4
8019	34	4
8020	34	4
8021	34	4
8022	34	4
8023	34	4
8024	34	4
8025	34	4
8026	34	4
8027	34	4
8028	34	4
8029	34	4
8030	34	4
8031	34	5
8032	34	5
8033	34	5
8034	34	5
8035	34	5
8036	34	5
8037	34	5
8038	34	5
8039	34	5
8040	34	5
8041	34	5
8042	34	5
8043	34	5
8044	34	5
8045	34	5
8046	34	5
8047	34	5
8048	34	5
8049	34	5
8050	34	5
8051	34	5
8052	34	5
8053	34	5
8054	34	5
8055	34	5
8056	34	5
8057	34	5
8058	34	5
8059	34	5
8060	34	5
8061	34	5
8062	34	5
8063	34	5
8064	34	5
8065	34	5
8066	34	5
8067	34	5
8068	34	5
8069	34	5
8070	34	5
8071	34	5
8072	34	5
8073	34	5
8074	34	5
8075	34	5
8076	34	5
8077	34	5
8078	34	5
8079	34	5
8080	34	5
8081	34	5
8082	34	5
8083	34	5
8084	34	5
8085	34	5
8086	34	5
8087	34	5
8088	34	5
8089	34	5
8090	34	5
8091	34	5
8092	34	5
8093	34	5
8094	34	5
8095	34	5
8096	34	5
8097	34	5
8098	34	5
8099	34	5
8100	34	5
8101	34	5
8102	34	5
8103	34	5
8104	34	5
8105	34	5
8106	34	5
8107	34	5
8108	34	5
8109	34	5
8110	34	5
8111	34	4
8112	34	4
8113	34	4
8114	34	4
8115	34	4
8116	34	4
8117	34	4
8118	34	4
8119	34	4
8120	34	4
8121	34	4
8122	34	4
8123	34	4
8124	34	4
8125	34	4
8126	34	4
8127	34	4
8128	34	4
8129	34	4
8130	34	4
8131	34	4
8132	34	4
8133	34	4
8134	34	4
8135	34	4
8136	34	4
8137	34	4
8138	34	4
8139	34	4
8140	34	4
8141	34	4
8142	34	4
8143	34	4
8144	34	4
8145	34	4
8146	34	4
8147	34	4
8148	34	4
8149	34	4
8150	34	4
8151	34	4
8152	34	4
8153	34	4
8154	34	4
8155	34	4
8156	34	4
8157	34	4
8158	34	4
8159	34	4
8160	34	4
8161	34	4
8162	34	4
8163	34	4
8164	34	4
8165	34	4
8166	34	4
8167	34	4
8168	34	4
8169	34	4
8170	34	4
8171	34	4
8172	34	4
8173	34	4
8174	34	4
8175	34	4
8176	35	4
8177	35	4
8178	35	4
8179	35	4
8180	35	4
8181	35	4
8182	35	4
8183	35	4
8184	35	4
8185	35	4
8186	35	4
8187	35	4
8188	35	4
8189	35	4
8190	35	4
8191	35	4
8192	35	4
8193	35	4
8194	35	4
8195	35	4
8196	35	4
8197	35	4
8198	35	4
8199	35	4
8200	35	4
8201	35	4
8202	35	4
8203	35	4
8204	35	4
8205	35	4
8206	35	4
8207	35	4
8208	35	4
8209	35	4
8210	35	4
8211	35	4
8212	35	4
8213	35	4
8214	35	4
8215	35	4
8216	35	4
8217	35	4
8218	35	4
8219	35	4
8220	35	4
8221	35	4
8222	35	4
8223	35	4
8224	35	4
8225	35	4
8226	35	4
8227	35	4
8228	35	4
8229	35	4
8230	35	4
8231	35	4
8232	35	4
8233	35	4
8234	35	4
8235	35	4
8236	35	4
8237	35	4
8238	35	4
8239	35	4
8240	35	4
8241	35	4
8242	35	4
8243	35	4
8244	35	4
8245	35	4
8246	35	4
8247	35	4
8248	35	4
8249	35	4
8250	35	4
8251	35	4
8252	35	5
8253	35	5
8254	35	5
8255	35	5
8256	35	5
8257	35	5
8258	35	5
8259	35	4
8260	35	4
8261	35	4
8262	35	4
8263	35	4
8264	35	4
8265	35	4
8266	35	4
8267	35	4
8268	35	4
8269	35	4
8270	35	4
8271	35	4
8272	35	4
8273	35	4
8274	35	4
8275	35	4
8276	35	4
8277	35	4
8278	35	4
8279	35	4
8280	35	4
8281	35	4
8282	35	4
8283	35	4
8284	35	4
8285	35	4
8286	35	4
8287	35	4
8288	35	4
8289	35	4
8290	35	4
8291	35	4
8292	35	4
8293	35	4
8294	35	4
8295	35	4
8296	35	4
8297	35	4
8298	35	4
8299	35	4
8300	35	4
8301	35	4
8302	35	4
8303	35	4
8304	35	4
8305	35	4
8306	35	4
8307	35	4
8308	35	4
8309	35	4
8310	35	4
8311	35	4
8312	35	4
8313	35	4
8314	35	4
8315	35	4
8316	35	4
8317	35	4
8318	35	4
8319	35	4
8320	35	4
8321	35	4
8322	35	4
8323	35	4
8324	35	4
8325	35	4
8326	35	4
8327	35	4
8328	35	4
8329	35	4
8330	35	4
8331	35	4
8332	35	4
8333	35	4
8334	35	4
8335	35	4
8336	35	4
8337	35	4
8338	35	4
8339	35	4
8340	35	4
8341	35	4
8342	35	4
8343	35	4
8344	35	4
8345	35	4
8346	35	4
8347	35	4
8348	35	4
8349	35	4
8350	35	4
8351	35	4
8352	35	4
8353	35	4
8354	35	4
8355	35	4
8356	35	4
8357	35	4
8358	35	4
8359	35	4
8360	35	4
8361	35	4
8362	35	4
8363	35	4
8364	35	4
8365	35	4
8366	35	4
8367	35	4
8368	35	4
8369	35	4
8370	35	4
8371	35	4
8372	35	4
8373	35	4
8374	35	4
8375	35	4
8376	35	4
8377	35	4
8378	35	4
8379	35	4
8380	35	4
8381	35	4
8382	35	4
8383	35	4
8384	35	4
8385	35	4
8386	35	4
8387	35	4
8388	35	4
8389	35	4
8390	35	4
8391	35	4
8392	35	4
8393	35	4
8394	35	4
8395	35	4
8396	35	4
8397	35	4
8398	35	4
8399	35	4
8400	35	4
8401	35	4
8402	35	4
8403	35	4
8404	35	4
8405	35	4
8406	35	4
8407	35	4
8408	35	4
8409	35	4
8410	35	4
8411	35	4
8412	35	4
8413	35	4
8414	35	4
8415	35	4
8416	35	4
8417	35	4
8418	35	4
8419	35	4
8420	35	4
8421	35	4
8422	35	4
8423	35	4
8424	35	4
8425	35	4
8426	35	4
8427	35	4
8428	35	4
8429	35	4
8430	35	4
8431	35	4
8432	35	4
8433	35	4
8434	35	4
8435	35	4
8436	35	4
8437	35	4
8438	35	4
8439	35	4
8440	35	4
8441	35	5
8442	35	5
8443	35	5
8444	35	5
8445	35	5
8446	35	5
8447	35	5
8448	35	5
8449	35	5
8450	35	5
8451	35	5
8452	35	5
8453	35	5
8454	35	5
8455	35	5
8456	35	5
8457	35	5
8458	35	5
8459	35	5
8460	35	5
8461	35	5
8462	35	5
8463	35	5
8464	35	5
8465	35	5
8466	35	5
8467	35	5
8468	35	5
8469	35	5
8470	35	5
8471	35	5
8472	35	5
8473	35	5
8474	35	5
8475	35	5
8476	35	5
8477	35	5
8478	35	5
8479	35	5
8480	35	5
8481	35	5
8482	35	5
8483	35	5
8484	35	5
8485	35	5
8486	35	5
8487	35	5
8488	35	5
8489	35	5
8490	35	5
8491	35	5
8492	35	5
8493	35	5
8494	35	5
8495	35	5
8496	35	5
8497	35	5
8498	35	5
8499	35	5
8500	35	5
8501	35	5
8502	35	4
8503	35	4
8504	35	4
8505	35	4
8506	35	4
8507	35	4
8508	35	4
8509	35	4
8510	35	4
8511	35	4
8512	35	4
8513	35	4
8514	35	4
8515	35	4
8516	35	4
8517	35	4
8518	35	4
8519	35	4
8520	35	4
8521	35	4
8522	35	4
8523	35	4
8524	35	4
8525	35	4
8526	35	4
8527	35	4
8528	35	4
8529	35	4
8530	35	4
8531	35	4
8532	35	4
8533	35	4
8534	35	4
8535	35	4
8536	35	4
8537	35	4
8538	35	4
8539	35	4
8540	35	4
8541	35	4
8542	35	4
8543	35	4
8544	35	4
8545	35	4
8546	35	4
8547	35	4
8548	35	4
8549	35	4
8550	35	4
8551	35	4
8552	35	4
8553	35	4
8554	35	4
8555	35	4
8556	35	4
8557	35	4
8558	35	5
8559	35	5
8560	35	5
8561	35	5
8562	35	5
8563	35	5
8564	35	5
8565	35	5
8566	35	5
8567	35	5
8568	35	5
8569	35	5
8570	35	5
8571	35	5
8572	35	5
8573	35	5
8574	35	5
8575	35	5
8576	35	5
8577	35	5
8578	35	5
8579	35	5
8580	35	5
8581	35	5
8582	35	5
8583	35	5
8584	35	5
8585	35	5
8586	35	5
8587	35	5
8588	35	5
8589	35	5
8590	35	5
8591	35	5
8592	35	5
8593	35	5
8594	35	5
8595	35	5
8596	35	5
8597	35	5
8598	35	5
8599	35	5
8600	35	5
8601	35	5
8602	35	5
8603	35	5
8604	35	5
8605	35	5
8606	35	5
8607	35	5
8608	35	5
8609	35	5
8610	35	5
8611	35	5
8612	35	5
8613	35	5
8614	35	5
8615	35	5
8616	35	5
8617	35	5
8618	35	5
8619	35	5
8620	35	5
8621	35	5
8622	35	5
8623	35	4
8624	35	4
8625	35	4
8626	35	4
8627	35	4
8628	35	4
8629	35	4
8630	35	4
8631	35	4
8632	35	4
8633	35	4
8634	35	4
8635	35	4
8636	35	4
8637	35	4
8638	35	4
8639	35	4
8640	35	4
8641	35	4
8642	35	4
8643	35	4
8644	35	4
8645	35	4
8646	35	4
8647	35	4
8648	35	4
8649	35	4
8650	35	4
8651	35	4
8652	35	4
8653	35	4
8654	35	4
8655	35	4
8656	35	4
8657	35	4
8658	35	4
8659	35	4
8660	35	4
8661	35	4
8662	35	4
8663	35	4
8664	35	4
8665	35	4
8666	35	4
8667	35	4
8668	35	4
8669	35	4
8670	35	4
8671	35	4
8672	35	4
8673	35	4
8674	35	4
8675	35	4
8676	35	4
8677	35	4
8678	35	4
8679	35	4
8680	35	4
8681	35	4
8682	35	4
8683	35	4
8684	35	4
8685	35	4
8686	35	4
8687	35	4
8688	35	4
8689	35	4
8690	36	4
8691	36	4
8692	36	4
8693	36	4
8694	36	4
8695	36	4
8696	36	4
8697	36	4
8698	36	4
8699	36	4
8700	36	4
8701	36	4
8702	36	4
8703	36	4
8704	36	4
8705	36	4
8706	36	4
8707	36	4
8708	36	4
8709	36	4
8710	36	4
8711	36	5
8712	36	5
8713	36	5
8714	36	5
8715	36	5
8716	36	5
8717	36	5
8718	36	5
8719	36	5
8720	36	5
8721	36	5
8722	36	5
8723	36	5
8724	36	5
8725	36	5
8726	36	5
8727	36	5
8728	36	5
8729	36	5
8730	36	5
8731	36	5
8732	36	5
8733	36	5
8734	36	5
8735	36	5
8736	36	5
8737	36	5
8738	36	5
8739	36	5
8740	36	5
8741	36	5
8742	36	5
8743	36	5
8744	36	5
8745	36	5
8746	36	5
8747	36	5
8748	36	5
8749	36	5
8750	36	5
8751	36	5
8752	36	5
8753	36	5
8754	36	5
8755	36	5
8756	36	5
8757	36	5
8758	36	5
8759	36	5
8760	36	5
8761	36	5
8762	36	4
8763	36	4
8764	36	4
8765	36	4
8766	36	4
8767	36	4
8768	36	4
8769	36	4
8770	36	4
8771	36	4
8772	36	4
8773	36	4
8774	36	4
8775	36	4
8776	36	4
8777	36	4
8778	36	4
8779	36	4
8780	36	4
8781	36	4
8782	36	4
8783	36	4
8784	36	4
8785	36	4
8786	36	4
8787	36	4
8788	36	4
8789	36	4
8790	36	4
8791	36	4
8792	36	4
8793	36	4
8794	36	4
8795	36	4
8796	36	4
8797	36	4
8798	36	4
8799	36	4
8800	36	4
8801	36	4
8802	36	4
8803	36	4
8804	36	4
8805	36	4
8806	36	4
8807	36	4
8808	36	4
8809	36	4
8810	36	4
8811	36	4
8812	36	4
8813	36	4
8814	36	4
8815	36	4
8816	36	4
8817	36	4
8818	36	4
8819	36	4
8820	36	4
8821	36	4
8822	36	4
8823	36	4
8824	36	4
8825	36	4
8826	36	4
8827	36	4
8828	36	4
8829	36	4
8830	36	4
8831	36	4
8832	36	4
8833	36	4
8834	36	4
8835	36	4
8836	36	4
8837	36	4
8838	36	4
8839	36	4
8840	36	4
8841	36	4
8842	36	4
8843	36	4
8844	36	4
8845	36	4
8846	36	4
8847	36	4
8848	36	4
8849	36	4
8850	36	4
8851	36	4
8852	36	4
8853	36	4
8854	36	4
8855	36	4
8856	36	4
8857	36	4
8858	36	4
8859	36	4
8860	36	4
8861	36	4
8862	36	4
8863	36	4
8864	36	4
8865	36	4
8866	36	4
8867	36	4
8868	36	4
8869	36	4
8870	36	4
8871	36	4
8872	36	4
8873	36	4
8874	36	4
8875	36	4
8876	36	4
8877	36	4
8878	36	4
8879	36	4
8880	36	4
8881	36	4
8882	36	4
8883	36	4
8884	36	4
8885	36	4
8886	36	4
8887	36	4
8888	36	4
8889	36	4
8890	36	4
8891	36	4
8892	36	4
8893	36	4
8894	36	4
8895	36	4
8896	36	4
8897	36	4
8898	36	4
8899	36	4
8900	36	4
8901	36	4
8902	36	4
8903	36	4
8904	36	4
8905	36	4
8906	36	4
8907	36	4
8908	36	4
8909	36	4
8910	36	4
8911	36	4
8912	36	4
8913	36	4
8914	36	4
8915	36	5
8916	36	5
8917	36	5
8918	36	5
8919	36	5
8920	36	5
8921	36	5
8922	36	5
8923	36	5
8924	36	5
8925	36	5
8926	36	5
8927	36	5
8928	36	5
8929	36	5
8930	36	5
8931	36	5
8932	36	5
8933	36	5
8934	36	5
8935	36	5
8936	36	5
8937	36	5
8938	36	5
8939	36	5
8940	36	5
8941	36	5
8942	36	5
8943	36	5
8944	36	5
8945	36	5
8946	36	5
8947	36	5
8948	36	5
8949	36	5
8950	36	5
8951	36	5
8952	36	5
8953	36	5
8954	36	5
8955	36	5
8956	36	5
8957	36	5
8958	36	5
8959	36	5
8960	36	5
8961	36	5
8962	36	5
8963	36	5
8964	36	4
8965	36	4
8966	36	5
