# Clock	In Chain	On Target
1	0	0
2	0	0
3	0	0
4	0	0
5	0	0
6	0	0
7	0	0
8	0	0
9	0	0
10	0	0
11	0	0
12	0	0
13	0	0
14	0	0
15	0	0
16	0	0
17	0	0
18	0	0
19	0	0
20	0	0
21	0	0
22	0	0
23	0	0
24	0	0
25	0	0
26	0	0
27	0	0
28	0	0
29	0	0
30	0	0
31	0	0
32	0	0
33	0	0
34	0	0
35	0	0
36	0	0
37	0	0
38	0	0
39	0	0
40	0	0
41	0	0
42	0	0
43	0	0
44	0	0
45	0	0
46	0	0
47	0	0
48	0	0
49	0	0
50	0	0
51	0	0
52	0	0
53	0	0
54	0	0
55	0	0
56	0	0
57	0	0
58	0	0
59	0	0
60	0	0
61	0	0
62	0	0
63	0	0
64	0	0
65	0	0
66	0	0
67	0	0
68	0	0
69	0	0
70	0	0
71	0	0
72	0	0
73	0	0
74	0	0
75	0	0
76	0	0
77	0	0
78	0	0
79	0	0
80	0	0
81	0	0
82	0	0
83	0	0
84	0	0
85	0	0
86	0	0
87	0	0
88	0	0
89	0	0
90	0	0
91	0	0
92	0	0
93	0	0
94	0	0
95	0	0
96	0	0
97	0	0
98	0	0
99	0	0
100	0	0
101	0	0
102	0	0
103	0	0
104	0	0
105	0	0
106	0	0
107	0	0
108	0	0
109	0	0
110	0	0
111	0	0
112	0	0
113	0	0
114	0	0
115	0	0
116	0	0
117	0	0
118	0	0
119	0	0
120	0	0
121	0	0
122	0	0
123	0	0
124	0	0
125	0	0
126	0	0
127	0	0
128	0	0
129	0	0
130	0	0
131	0	0
132	0	0
133	0	0
134	0	0
135	0	0
136	0	0
137	0	0
138	0	0
139	0	0
140	0	0
141	0	0
142	0	0
143	0	0
144	0	0
145	0	0
146	0	0
147	0	0
148	0	0
149	0	0
150	0	0
151	0	0
152	0	0
153	0	0
154	0	0
155	0	0
156	0	0
157	0	0
158	0	0
159	0	0
160	0	0
161	0	0
162	0	0
163	0	0
164	0	0
165	0	0
166	0	0
167	0	0
168	0	0
169	0	0
170	0	0
171	0	0
172	0	0
173	0	0
174	0	0
175	0	0
176	0	0
177	0	0
178	0	0
179	0	0
180	0	0
181	0	0
182	0	0
183	0	0
184	0	0
185	0	0
186	0	0
187	0	0
188	0	0
189	0	0
190	0	0
191	0	0
192	0	0
193	0	0
194	0	0
195	0	0
196	0	0
197	0	0
198	0	0
199	0	0
200	0	0
201	0	0
202	0	0
203	0	0
204	0	0
205	0	0
206	0	0
207	0	0
208	0	0
209	0	0
210	0	0
211	0	0
212	0	0
213	0	0
214	0	0
215	0	0
216	0	0
217	0	0
218	0	0
219	0	0
220	0	0
221	0	0
222	0	0
223	0	0
224	0	0
225	0	0
226	0	0
227	0	0
228	0	0
229	0	0
230	0	0
231	0	0
232	0	0
233	0	0
234	0	0
235	0	0
236	0	0
237	0	0
238	0	0
239	0	0
240	0	0
241	0	0
242	0	0
243	0	0
244	0	0
245	0	0
246	0	0
247	0	0
248	0	0
249	0	0
250	0	0
251	0	0
252	0	0
253	0	0
254	0	0
255	0	0
256	0	0
257	0	0
258	0	0
259	0	0
260	0	0
261	0	0
262	0	0
263	0	0
264	0	0
265	0	0
266	0	0
267	0	0
268	0	0
269	0	0
270	0	0
271	0	0
272	0	0
273	0	0
274	0	0
275	0	0
276	0	0
277	0	0
278	0	0
279	0	0
280	0	0
281	0	0
282	0	0
283	0	0
284	0	0
285	0	0
286	0	0
287	0	0
288	0	0
289	0	0
290	0	0
291	0	0
292	0	0
293	0	0
294	0	0
295	0	0
296	0	0
297	0	0
298	0	0
299	0	0
300	0	0
301	0	0
302	0	0
303	0	0
304	0	0
305	0	0
306	0	0
307	0	0
308	0	0
309	0	0
310	0	0
311	0	0
312	0	0
313	0	0
314	0	0
315	0	0
316	0	0
317	0	0
318	0	0
319	0	0
320	0	0
321	0	0
322	0	0
323	0	0
324	0	0
325	0	0
326	0	0
327	0	0
328	0	0
329	0	0
330	0	0
331	0	0
332	0	0
333	0	0
334	0	0
335	0	0
336	0	0
337	0	0
338	0	0
339	0	0
340	0	0
341	0	0
342	0	0
343	0	0
344	0	0
345	0	0
346	0	0
347	0	0
348	0	0
349	0	0
350	0	0
351	0	0
352	0	0
353	0	0
354	0	0
355	0	0
356	0	0
357	0	0
358	0	0
359	0	0
360	0	0
361	0	0
362	0	0
363	0	0
364	0	0
365	0	0
366	0	0
367	0	0
368	0	0
369	0	0
370	0	0
371	0	0
372	0	0
373	0	0
374	0	0
375	0	0
376	0	0
377	0	0
378	0	0
379	0	0
380	0	0
381	0	0
382	0	0
383	0	0
384	0	0
385	0	0
386	0	0
387	0	0
388	0	0
389	0	0
390	0	0
391	0	0
392	0	0
393	0	0
394	0	0
395	0	0
396	0	0
397	0	0
398	0	0
399	0	0
400	0	0
401	0	0
402	0	0
403	0	0
404	0	0
405	0	0
406	0	0
407	0	0
408	0	0
409	0	0
410	0	0
411	0	0
412	0	0
413	0	0
414	0	0
415	0	0
416	0	0
417	0	0
418	0	0
419	0	0
420	0	0
421	0	0
422	0	0
423	0	0
424	0	0
425	0	0
426	0	0
427	0	0
428	0	0
429	0	0
430	0	0
431	0	0
432	0	0
433	0	0
434	0	0
435	0	0
436	0	0
437	0	0
438	0	0
439	0	0
440	0	0
441	0	0
442	0	0
443	0	0
444	0	0
445	0	0
446	0	0
447	0	0
448	0	0
449	0	0
450	0	0
451	0	0
452	0	0
453	0	0
454	0	0
455	0	0
456	0	0
457	0	0
458	0	0
459	0	0
460	0	0
461	0	0
462	0	0
463	0	0
464	0	0
465	0	0
466	0	0
467	0	0
468	0	0
469	0	0
470	0	0
471	0	0
472	0	0
473	0	0
474	0	0
475	0	0
476	0	0
477	0	0
478	0	0
479	0	0
480	0	0
481	0	0
482	0	0
483	0	0
484	0	0
485	0	0
486	0	0
487	0	0
488	0	0
489	0	0
490	0	0
491	0	0
492	0	0
493	0	0
494	0	0
495	0	0
496	0	0
497	0	0
498	0	0
499	0	0
500	0	0
501	0	0
502	0	0
503	0	0
504	0	0
505	0	0
506	0	0
507	0	0
508	0	0
509	0	0
510	0	0
511	0	0
512	0	0
513	0	0
514	0	0
515	0	0
516	0	0
517	0	0
518	0	0
519	0	0
520	0	0
521	0	0
522	0	0
523	0	0
524	0	0
525	0	0
526	0	0
527	0	0
528	0	0
529	0	0
530	0	0
531	0	0
532	0	0
533	0	0
534	0	0
535	0	0
536	0	0
537	0	0
538	0	0
539	0	0
540	0	0
541	0	0
542	0	0
543	0	0
544	0	0
545	0	0
546	0	0
547	0	0
548	0	0
549	0	0
550	0	0
551	0	0
552	0	0
553	0	0
554	0	0
555	0	0
556	0	0
557	0	0
558	0	0
559	0	0
560	0	0
561	0	0
562	0	0
563	0	0
564	0	0
565	0	0
566	0	0
567	0	0
568	0	0
569	0	0
570	0	0
571	0	0
572	0	0
573	0	0
574	0	0
575	0	0
576	0	0
577	0	0
578	0	0
579	0	0
580	0	0
581	0	0
582	0	0
583	0	0
584	0	0
585	0	0
586	0	0
587	0	0
588	0	0
589	0	0
590	0	0
591	0	0
592	0	0
593	0	0
594	0	0
595	0	0
596	0	0
597	0	0
598	0	0
599	0	0
600	0	0
601	0	0
602	0	0
603	0	0
604	0	0
605	0	0
606	0	0
607	0	0
608	0	0
609	0	0
610	0	0
611	0	0
612	0	0
613	0	0
614	0	0
615	0	0
616	0	0
617	0	0
618	0	0
619	0	0
620	0	0
621	0	0
622	0	0
623	0	0
624	0	0
625	0	0
626	0	0
627	0	0
628	0	0
629	0	0
630	0	0
631	0	0
632	0	0
633	0	0
634	0	0
635	0	0
636	0	0
637	0	0
638	0	0
639	0	0
640	0	0
641	0	0
642	0	0
643	0	0
644	0	0
645	0	0
646	0	0
647	0	0
648	0	0
649	0	0
650	0	0
651	0	0
652	0	0
653	0	0
654	0	0
655	0	0
656	0	0
657	0	0
658	0	0
659	0	0
660	0	0
661	0	0
662	0	0
663	0	0
664	0	0
665	0	0
666	0	0
667	0	0
668	0	0
669	0	0
670	0	0
671	0	0
672	0	0
673	0	0
674	0	0
675	0	0
676	0	0
677	0	0
678	0	0
679	0	0
680	0	0
681	0	0
682	0	0
683	0	0
684	0	0
685	0	0
686	0	0
687	0	0
688	0	0
689	0	0
690	0	0
691	0	0
692	0	0
693	0	0
694	0	0
695	0	0
696	0	0
697	0	0
698	0	0
699	0	0
700	0	0
701	0	0
702	0	0
703	0	0
704	0	0
705	0	0
706	0	0
707	0	0
708	0	0
709	0	0
710	0	0
711	0	0
712	0	0
713	0	0
714	0	0
715	0	0
716	0	0
717	0	0
718	0	0
719	0	0
720	0	0
721	0	0
722	0	0
723	0	0
724	0	0
725	0	0
726	0	0
727	0	0
728	0	0
729	0	0
730	0	0
731	0	0
732	0	0
733	0	0
734	0	0
735	0	0
736	0	0
737	0	0
738	0	0
739	0	0
740	0	0
741	0	0
742	0	0
743	0	0
744	0	0
745	0	0
746	0	0
747	0	0
748	0	0
749	0	0
750	0	0
751	0	0
752	0	0
753	0	0
754	0	0
755	0	0
756	0	0
757	0	0
758	0	0
759	0	0
760	0	0
761	0	0
762	0	0
763	0	0
764	0	0
765	0	0
766	0	0
767	0	0
768	0	0
769	0	0
770	0	0
771	0	0
772	0	0
773	0	0
774	0	0
775	0	0
776	0	0
777	0	0
778	0	0
779	0	0
780	0	0
781	0	0
782	0	0
783	0	0
784	0	0
785	0	0
786	0	0
787	0	0
788	0	0
789	0	0
790	0	0
791	0	0
792	0	0
793	0	0
794	0	0
795	0	0
796	0	0
797	0	0
798	0	0
799	0	0
800	0	0
801	0	0
802	0	0
803	0	0
804	0	0
805	0	0
806	0	0
807	0	0
808	0	0
809	0	0
810	0	0
811	0	0
812	0	0
813	0	0
814	0	0
815	0	0
816	0	0
817	0	0
818	0	0
819	0	0
820	0	0
821	0	0
822	0	0
823	0	0
824	0	0
825	0	0
826	0	0
827	0	0
828	0	0
829	0	0
830	0	0
831	0	0
832	0	0
833	0	0
834	0	0
835	0	0
836	0	0
837	0	0
838	0	0
839	0	0
840	0	0
841	0	0
842	0	0
843	0	0
844	0	0
845	0	0
846	0	0
847	0	0
848	0	0
849	0	0
850	0	0
851	0	0
852	0	0
853	0	0
854	0	0
855	0	0
856	0	0
857	0	0
858	0	0
859	0	0
860	0	0
861	0	0
862	0	0
863	0	0
864	0	0
865	0	0
866	0	0
867	0	0
868	0	0
869	0	0
870	0	0
871	0	0
872	1	0
873	1	0
874	1	0
875	1	0
876	1	0
877	1	0
878	1	0
879	1	0
880	1	0
881	1	0
882	1	0
883	1	0
884	1	0
885	1	0
886	1	0
887	1	0
888	1	0
889	1	0
890	1	0
891	1	0
892	1	0
893	1	0
894	1	0
895	1	0
896	1	0
897	1	0
898	1	0
899	1	0
900	1	0
901	1	0
902	1	0
903	1	0
904	1	0
905	1	0
906	1	0
907	1	0
908	1	0
909	2	0
910	2	0
911	2	0
912	2	0
913	2	0
914	2	0
915	2	0
916	2	0
917	2	0
918	2	0
919	2	0
920	2	0
921	2	0
922	2	0
923	2	0
924	2	0
925	2	0
926	2	0
927	2	0
928	2	0
929	2	0
930	2	0
931	2	0
932	2	0
933	2	0
934	2	0
935	2	0
936	2	0
937	2	0
938	2	0
939	2	0
940	2	0
941	2	0
942	2	0
943	2	0
944	2	0
945	2	0
946	2	0
947	2	0
948	2	0
949	2	0
950	2	0
951	2	0
952	2	0
953	2	0
954	2	0
955	2	0
956	2	0
957	2	0
958	2	0
959	2	0
960	2	0
961	2	0
962	2	0
963	2	0
964	2	0
965	2	0
966	2	0
967	2	0
968	2	0
969	2	0
970	2	0
971	2	0
972	2	0
973	2	0
974	2	0
975	2	0
976	2	0
977	2	0
978	2	0
979	2	0
980	2	0
981	2	0
982	2	0
983	2	0
984	2	0
985	2	0
986	2	0
987	2	0
988	2	0
989	2	0
990	2	0
991	2	0
992	2	0
993	2	0
994	2	0
995	2	0
996	2	0
997	2	0
998	2	0
999	2	0
1000	2	0
1001	2	0
1002	2	0
1003	2	0
1004	2	0
1005	2	0
1006	2	0
1007	2	0
1008	2	0
1009	2	0
1010	2	0
1011	2	0
1012	2	0
1013	2	0
1014	2	0
1015	2	0
1016	2	0
1017	2	0
1018	2	0
1019	2	0
1020	2	0
1021	2	0
1022	2	0
1023	2	0
1024	2	0
1025	2	0
1026	2	0
1027	2	0
1028	2	0
1029	2	0
1030	2	0
1031	2	0
1032	2	0
1033	2	0
1034	2	0
1035	2	0
1036	2	0
1037	2	0
1038	2	0
1039	2	0
1040	2	0
1041	2	0
1042	2	0
1043	2	0
1044	2	0
1045	2	0
1046	2	0
1047	2	0
1048	2	0
1049	2	0
1050	2	0
1051	2	0
1052	2	0
1053	2	0
1054	2	0
1055	2	0
1056	2	0
1057	2	0
1058	2	0
1059	3	0
1060	3	0
1061	3	0
1062	3	0
1063	3	0
1064	3	0
1065	3	0
1066	3	0
1067	3	0
1068	3	0
1069	3	0
1070	3	0
1071	3	0
1072	3	0
1073	3	0
1074	3	0
1075	3	0
1076	3	0
1077	3	0
1078	3	0
1079	3	0
1080	3	0
1081	3	0
1082	3	0
1083	3	0
1084	3	0
1085	3	0
1086	3	0
1087	3	0
1088	3	0
1089	3	0
1090	3	0
1091	3	0
1092	3	0
1093	3	0
1094	3	0
1095	3	0
1096	3	0
1097	3	0
1098	3	0
1099	3	0
1100	3	0
1101	3	0
1102	3	0
1103	3	0
1104	3	0
1105	3	0
1106	3	0
1107	3	0
1108	3	0
1109	3	0
1110	3	0
1111	3	0
1112	3	0
1113	3	0
1114	3	0
1115	3	0
1116	3	0
1117	3	0
1118	3	0
1119	3	0
1120	3	0
1121	3	0
1122	3	0
1123	3	0
1124	3	0
1125	3	0
1126	3	0
1127	3	0
1128	3	0
1129	3	0
1130	3	0
1131	3	0
1132	3	0
1133	3	0
1134	3	0
1135	3	0
1136	3	0
1137	3	0
1138	3	0
1139	3	0
1140	3	0
1141	3	0
1142	3	0
1143	3	0
1144	3	0
1145	3	0
1146	3	0
1147	3	0
1148	3	0
1149	3	0
1150	3	0
1151	3	0
1152	3	0
1153	3	0
1154	3	0
1155	3	0
1156	3	0
1157	3	0
1158	3	0
1159	3	0
1160	3	0
1161	3	0
1162	3	0
1163	3	0
1164	3	0
1165	3	0
1166	3	0
1167	3	0
1168	3	0
1169	3	0
1170	3	0
1171	3	0
1172	3	0
1173	3	0
1174	3	0
1175	3	0
1176	3	0
1177	3	0
1178	3	0
1179	3	0
1180	3	0
1181	3	0
1182	3	0
1183	3	0
1184	3	0
1185	3	0
1186	3	0
1187	3	0
1188	3	0
1189	3	0
1190	3	0
1191	3	0
1192	3	0
1193	3	0
1194	3	0
1195	3	0
1196	3	0
1197	3	0
1198	3	0
1199	3	0
1200	3	0
1201	3	0
1202	3	0
1203	3	0
1204	3	0
1205	3	0
1206	3	0
1207	3	0
1208	3	0
1209	3	0
1210	3	0
1211	3	0
1212	3	0
1213	3	0
1214	3	0
1215	3	0
1216	3	0
1217	3	0
1218	3	0
1219	3	0
1220	3	0
1221	3	0
1222	3	0
1223	3	0
1224	3	0
1225	3	0
1226	3	0
1227	3	0
1228	3	0
1229	3	0
1230	3	0
1231	3	0
1232	3	0
1233	3	0
1234	3	0
1235	3	0
1236	3	0
1237	3	0
1238	3	0
1239	3	0
1240	3	0
1241	3	0
1242	3	0
1243	3	0
1244	3	0
1245	3	0
1246	3	0
1247	3	0
1248	3	0
1249	3	0
1250	3	0
1251	3	0
1252	3	0
1253	3	0
1254	3	0
1255	3	0
1256	3	0
1257	3	0
1258	3	0
1259	4	0
1260	4	0
1261	4	0
1262	4	0
1263	4	0
1264	4	0
1265	4	0
1266	4	0
1267	4	0
1268	4	0
1269	4	0
1270	4	0
1271	4	0
1272	4	0
1273	4	0
1274	4	0
1275	4	0
1276	4	0
1277	4	0
1278	4	0
1279	4	0
1280	4	0
1281	4	0
1282	4	0
1283	4	0
1284	4	0
1285	4	0
1286	4	0
1287	4	0
1288	4	0
1289	4	0
1290	4	0
1291	4	0
1292	4	0
1293	4	0
1294	4	0
1295	4	0
1296	4	0
1297	4	0
1298	4	0
1299	4	0
1300	4	0
1301	4	0
1302	4	0
1303	4	0
1304	4	0
1305	4	0
1306	4	0
1307	4	0
1308	4	0
1309	4	0
1310	4	0
1311	4	0
1312	4	0
1313	4	0
1314	4	0
1315	4	0
1316	4	0
1317	4	0
1318	4	0
1319	4	0
1320	4	0
1321	4	0
1322	4	0
1323	4	0
1324	4	0
1325	4	0
1326	4	0
1327	4	0
1328	4	0
1329	4	0
1330	4	0
1331	4	0
1332	4	0
1333	4	0
1334	4	0
1335	4	0
1336	4	0
1337	4	0
1338	4	0
1339	4	0
1340	4	0
1341	4	0
1342	4	0
1343	4	0
1344	4	0
1345	4	0
1346	4	0
1347	4	0
1348	4	0
1349	4	0
1350	4	0
1351	4	0
1352	4	0
1353	4	0
1354	4	0
1355	4	0
1356	4	0
1357	4	0
1358	4	0
1359	4	0
1360	4	0
1361	4	0
1362	4	0
1363	4	0
1364	4	0
1365	4	0
1366	4	0
1367	4	0
1368	4	0
1369	4	0
1370	4	0
1371	4	0
1372	4	0
1373	4	0
1374	4	0
1375	4	0
1376	4	0
1377	4	0
1378	4	0
1379	4	0
1380	4	0
1381	4	0
1382	4	0
1383	4	0
1384	4	0
1385	4	0
1386	4	0
1387	4	0
1388	4	0
1389	4	0
1390	4	0
1391	4	0
1392	4	0
1393	4	0
1394	4	0
1395	4	0
1396	4	0
1397	4	0
1398	4	0
1399	4	0
1400	4	0
1401	4	0
1402	4	0
1403	4	0
1404	4	0
1405	4	0
1406	4	0
1407	4	0
1408	4	0
1409	4	0
1410	4	0
1411	4	0
1412	4	0
1413	4	0
1414	4	0
1415	4	0
1416	4	0
1417	4	0
1418	4	0
1419	4	0
1420	4	0
1421	4	0
1422	4	0
1423	4	0
1424	4	0
1425	4	0
1426	4	0
1427	4	0
1428	4	0
1429	4	0
1430	4	0
1431	4	0
1432	4	0
1433	4	0
1434	4	0
1435	4	0
1436	4	0
1437	4	0
1438	4	0
1439	4	0
1440	4	0
1441	4	0
1442	4	0
1443	4	0
1444	4	0
1445	4	0
1446	4	0
1447	4	0
1448	4	0
1449	4	0
1450	4	0
1451	4	0
1452	4	0
1453	4	0
1454	4	0
1455	4	0
1456	4	0
1457	4	0
1458	4	0
1459	4	0
1460	4	0
1461	4	0
1462	4	0
1463	4	0
1464	4	0
1465	4	0
1466	4	0
1467	4	0
1468	4	0
1469	4	0
1470	4	0
1471	4	0
1472	4	0
1473	4	0
1474	4	0
1475	4	0
1476	4	0
1477	4	0
1478	4	0
1479	4	0
1480	4	0
1481	4	0
1482	4	0
1483	4	0
1484	4	0
1485	4	0
1486	4	0
1487	4	0
1488	4	0
1489	4	0
1490	4	0
1491	4	0
1492	4	0
1493	4	0
1494	4	0
1495	5	0
1496	5	0
1497	5	0
1498	5	0
1499	5	0
1500	5	0
1501	5	0
1502	5	0
1503	5	0
1504	5	0
1505	5	0
1506	5	0
1507	5	0
1508	5	0
1509	5	0
1510	5	0
1511	5	0
1512	5	0
1513	5	0
1514	5	0
1515	5	0
1516	5	0
1517	5	0
1518	5	0
1519	5	0
1520	5	0
1521	5	0
1522	5	0
1523	5	0
1524	5	0
1525	5	0
1526	5	0
1527	5	0
1528	5	0
1529	5	0
1530	5	0
1531	5	0
1532	5	0
1533	5	0
1534	5	0
1535	5	0
1536	5	0
1537	5	0
1538	5	0
1539	5	0
1540	5	0
1541	5	0
1542	5	0
1543	5	0
1544	5	0
1545	5	0
1546	5	0
1547	5	0
1548	5	0
1549	5	0
1550	5	0
1551	5	0
1552	5	0
1553	5	0
1554	5	0
1555	5	0
1556	5	0
1557	5	0
1558	5	0
1559	5	0
1560	5	0
1561	5	0
1562	5	0
1563	5	0
1564	5	0
1565	5	0
1566	5	0
1567	5	0
1568	5	0
1569	5	0
1570	5	0
1571	5	0
1572	5	0
1573	6	0
1574	6	0
1575	6	0
1576	6	0
1577	6	0
1578	6	0
1579	6	0
1580	6	0
1581	6	0
1582	6	0
1583	6	0
1584	6	0
1585	6	0
1586	6	0
1587	6	0
1588	6	0
1589	6	0
1590	6	0
1591	6	0
1592	6	0
1593	6	0
1594	6	0
1595	6	0
1596	6	0
1597	6	0
1598	6	0
1599	6	0
1600	6	0
1601	6	0
1602	6	0
1603	6	0
1604	6	0
1605	6	0
1606	6	0
1607	6	0
1608	6	0
1609	6	0
1610	6	0
1611	6	0
1612	6	0
1613	6	0
1614	6	0
1615	6	0
1616	6	0
1617	6	0
1618	6	0
1619	6	0
1620	6	0
1621	6	0
1622	6	0
1623	6	0
1624	6	0
1625	6	0
1626	6	0
1627	6	0
1628	6	0
1629	6	0
1630	6	0
1631	6	0
1632	6	0
1633	6	0
1634	6	0
1635	6	0
1636	6	0
1637	6	0
1638	6	0
1639	6	0
1640	6	0
1641	6	0
1642	6	0
1643	6	0
1644	6	0
1645	6	0
1646	6	0
1647	6	0
1648	6	0
1649	6	0
1650	6	0
1651	6	0
1652	6	0
1653	6	0
1654	6	0
1655	6	0
1656	6	0
1657	6	0
1658	6	0
1659	6	0
1660	6	0
1661	6	0
1662	6	0
1663	6	0
1664	6	0
1665	6	0
1666	6	0
1667	6	0
1668	6	0
1669	6	0
1670	6	0
1671	6	0
1672	6	0
1673	6	0
1674	6	0
1675	6	0
1676	6	0
1677	6	0
1678	6	0
1679	6	0
1680	6	0
1681	6	0
1682	6	0
1683	6	0
1684	6	0
1685	6	0
1686	6	0
1687	6	0
1688	6	0
1689	6	0
1690	6	0
1691	6	0
1692	6	0
1693	6	0
1694	6	0
1695	6	0
1696	7	0
1697	7	0
1698	7	0
1699	7	0
1700	7	0
1701	7	0
1702	7	0
1703	7	0
1704	7	0
1705	7	0
1706	7	0
1707	7	0
1708	7	0
1709	7	0
1710	7	0
1711	7	0
1712	7	0
1713	7	0
1714	7	0
1715	7	0
1716	7	0
1717	7	0
1718	7	0
1719	7	0
1720	7	0
1721	7	0
1722	7	0
1723	7	0
1724	7	0
1725	7	0
1726	7	0
1727	7	0
1728	7	0
1729	7	0
1730	7	0
1731	7	0
1732	7	0
1733	7	0
1734	7	0
1735	7	0
1736	7	0
1737	7	0
1738	7	0
1739	7	0
1740	7	0
1741	7	0
1742	7	0
1743	7	0
1744	7	0
1745	7	0
1746	7	0
1747	7	0
1748	7	0
1749	7	0
1750	7	0
1751	7	0
1752	7	0
1753	7	0
1754	7	0
1755	7	0
1756	7	0
1757	7	0
1758	7	0
1759	7	0
1760	7	0
1761	7	0
1762	7	0
1763	7	0
1764	7	0
1765	7	0
1766	7	0
1767	7	0
1768	7	0
1769	7	0
1770	7	0
1771	7	0
1772	7	0
1773	7	0
1774	7	0
1775	7	0
1776	7	0
1777	7	0
1778	7	0
1779	7	0
1780	7	0
1781	7	0
1782	7	0
1783	7	0
1784	7	0
1785	7	0
1786	7	0
1787	8	0
1788	8	0
1789	8	0
1790	8	0
1791	8	0
1792	8	0
1793	8	0
1794	8	0
1795	8	0
1796	8	0
1797	8	0
1798	8	0
1799	8	0
1800	8	0
1801	8	0
1802	8	0
1803	8	0
1804	8	0
1805	8	0
1806	8	0
1807	8	0
1808	8	0
1809	8	0
1810	8	0
1811	8	0
1812	8	0
1813	8	0
1814	8	0
1815	8	0
1816	8	0
1817	8	0
1818	8	0
1819	8	0
1820	8	0
1821	8	0
1822	8	0
1823	8	0
1824	8	0
1825	8	0
1826	8	0
1827	8	0
1828	8	0
1829	8	0
1830	8	0
1831	8	0
1832	8	0
1833	8	0
1834	8	0
1835	8	0
1836	8	0
1837	8	0
1838	8	0
1839	8	0
1840	8	0
1841	8	0
1842	8	0
1843	8	0
1844	8	0
1845	8	0
1846	8	0
1847	8	0
1848	8	0
1849	8	0
1850	8	0
1851	8	0
1852	8	0
1853	8	0
1854	8	0
1855	8	0
1856	8	0
1857	8	0
1858	8	0
1859	8	0
1860	8	0
1861	8	0
1862	8	0
1863	8	0
1864	8	0
1865	8	0
1866	8	0
1867	8	0
1868	8	0
1869	8	0
1870	8	0
1871	8	0
1872	8	0
1873	8	0
1874	8	0
1875	8	0
1876	8	0
1877	8	0
1878	8	0
1879	8	0
1880	8	0
1881	8	0
1882	8	0
1883	8	0
1884	8	0
1885	8	0
1886	8	0
1887	8	0
1888	8	0
1889	8	0
1890	8	0
1891	8	0
1892	8	0
1893	8	0
1894	8	0
1895	8	0
1896	8	0
1897	8	0
1898	8	0
1899	8	0
1900	8	0
1901	8	0
1902	8	0
1903	8	0
1904	8	0
1905	8	0
1906	8	0
1907	8	0
1908	8	0
1909	8	0
1910	8	0
1911	8	0
1912	8	0
1913	8	0
1914	8	0
1915	8	0
1916	8	0
1917	8	0
1918	8	0
1919	8	0
1920	8	0
1921	8	0
1922	8	0
1923	8	0
1924	8	0
1925	8	0
1926	8	0
1927	8	0
1928	8	0
1929	8	0
1930	8	0
1931	8	0
1932	8	0
1933	8	0
1934	8	0
1935	8	0
1936	8	0
1937	8	0
1938	8	0
1939	8	0
1940	8	0
1941	8	0
1942	8	0
1943	8	0
1944	8	0
1945	8	0
1946	8	0
1947	8	0
1948	8	0
1949	8	0
1950	8	0
1951	8	0
1952	8	0
1953	8	0
1954	8	0
1955	8	0
1956	8	0
1957	8	0
1958	8	0
1959	8	0
1960	8	0
1961	8	0
1962	8	0
1963	8	0
1964	8	0
1965	8	0
1966	8	0
1967	8	0
1968	8	0
1969	8	0
1970	8	0
1971	8	0
1972	8	0
1973	8	0
1974	8	0
1975	8	0
1976	8	0
1977	8	0
1978	8	0
1979	8	0
1980	8	0
1981	8	0
1982	8	0
1983	8	0
1984	8	0
1985	8	0
1986	8	0
1987	8	0
1988	8	0
1989	8	0
1990	8	0
1991	8	0
1992	8	0
1993	8	0
1994	8	0
1995	8	0
1996	8	0
1997	8	0
1998	8	0
1999	8	0
2000	9	0
2001	9	0
2002	9	0
2003	9	0
2004	9	0
2005	9	0
2006	9	0
2007	9	0
2008	9	0
2009	9	0
2010	9	0
2011	9	0
2012	9	0
2013	9	0
2014	9	0
2015	9	0
2016	9	0
2017	9	0
2018	9	0
2019	9	0
2020	9	0
2021	9	0
2022	9	0
2023	9	0
2024	9	0
2025	9	0
2026	9	0
2027	9	0
2028	9	0
2029	9	0
2030	9	0
2031	9	0
2032	9	0
2033	9	0
2034	9	0
2035	9	0
2036	9	0
2037	9	0
2038	9	0
2039	9	0
2040	9	0
2041	9	0
2042	9	0
2043	9	0
2044	9	0
2045	9	0
2046	9	0
2047	9	0
2048	9	0
2049	9	0
2050	9	0
2051	9	0
2052	9	0
2053	9	0
2054	9	0
2055	9	0
2056	9	0
2057	9	0
2058	9	0
2059	9	0
2060	9	0
2061	9	0
2062	9	0
2063	9	0
2064	9	0
2065	9	0
2066	9	0
2067	9	0
2068	9	0
2069	9	0
2070	9	0
2071	9	0
2072	9	0
2073	9	0
2074	9	0
2075	9	0
2076	9	0
2077	9	0
2078	9	0
2079	9	0
2080	9	0
2081	9	0
2082	9	0
2083	9	0
2084	9	0
2085	9	0
2086	9	0
2087	9	0
2088	9	0
2089	9	0
2090	9	0
2091	9	0
2092	9	0
2093	9	0
2094	9	0
2095	9	0
2096	9	0
2097	9	0
2098	9	0
2099	9	0
2100	9	0
2101	9	0
2102	9	0
2103	9	0
2104	9	0
2105	9	0
2106	9	0
2107	9	0
2108	9	0
2109	9	0
2110	9	0
2111	9	0
2112	9	0
2113	9	0
2114	9	0
2115	9	0
2116	9	0
2117	9	0
2118	9	0
2119	9	0
2120	9	0
2121	9	0
2122	9	0
2123	9	0
2124	9	0
2125	9	0
2126	9	0
2127	9	0
2128	9	0
2129	9	0
2130	9	0
2131	9	0
2132	9	0
2133	9	0
2134	9	0
2135	9	0
2136	9	0
2137	9	0
2138	9	0
2139	9	0
2140	9	0
2141	9	0
2142	9	0
2143	9	0
2144	9	0
2145	9	0
2146	9	0
2147	9	0
2148	9	0
2149	9	0
2150	9	0
2151	9	0
2152	9	0
2153	9	0
2154	9	0
2155	9	0
2156	9	0
2157	9	0
2158	9	0
2159	9	0
2160	9	0
2161	9	0
2162	9	0
2163	9	0
2164	9	0
2165	9	0
2166	9	0
2167	10	0
2168	10	0
2169	10	0
2170	10	0
2171	10	0
2172	10	0
2173	10	0
2174	10	0
2175	10	0
2176	10	0
2177	10	0
2178	10	0
2179	10	0
2180	10	0
2181	10	0
2182	10	0
2183	10	0
2184	10	0
2185	10	0
2186	10	0
2187	10	0
2188	10	0
2189	10	0
2190	10	0
2191	10	0
2192	10	0
2193	10	0
2194	10	0
2195	10	0
2196	10	0
2197	10	0
2198	10	0
2199	10	0
2200	10	0
2201	10	0
2202	10	0
2203	10	0
2204	10	0
2205	10	0
2206	10	0
2207	10	0
2208	10	0
2209	10	0
2210	10	0
2211	10	0
2212	10	0
2213	10	0
2214	10	0
2215	10	0
2216	10	0
2217	10	0
2218	10	0
2219	10	0
2220	10	0
2221	10	0
2222	10	0
2223	10	0
2224	10	0
2225	10	0
2226	10	0
2227	10	0
2228	10	0
2229	10	0
2230	10	0
2231	10	0
2232	10	0
2233	10	0
2234	10	0
2235	10	0
2236	10	0
2237	10	0
2238	10	0
2239	10	0
2240	10	0
2241	10	0
2242	10	0
2243	10	0
2244	10	0
2245	10	0
2246	10	0
2247	10	0
2248	10	0
2249	10	0
2250	10	0
2251	10	0
2252	10	0
2253	10	0
2254	10	0
2255	10	0
2256	10	0
2257	10	0
2258	10	0
2259	10	0
2260	10	0
2261	10	0
2262	10	0
2263	10	0
2264	10	0
2265	10	0
2266	10	0
2267	10	0
2268	10	0
2269	10	0
2270	10	0
2271	10	0
2272	10	0
2273	10	0
2274	10	0
2275	10	0
2276	10	0
2277	10	0
2278	10	0
2279	10	0
2280	10	0
2281	10	0
2282	10	0
2283	11	0
2284	11	0
2285	11	0
2286	11	0
2287	11	0
2288	11	0
2289	11	0
2290	11	0
2291	11	0
2292	11	0
2293	11	0
2294	11	0
2295	11	0
2296	11	0
2297	11	0
2298	11	0
2299	11	0
2300	11	0
2301	11	0
2302	11	0
2303	11	0
2304	11	0
2305	11	0
2306	11	0
2307	11	0
2308	11	0
2309	11	0
2310	11	0
2311	11	0
2312	11	0
2313	11	0
2314	11	0
2315	11	0
2316	11	0
2317	11	0
2318	11	0
2319	11	0
2320	11	0
2321	11	0
2322	11	0
2323	11	0
2324	11	0
2325	11	0
2326	11	0
2327	11	0
2328	11	0
2329	11	0
2330	11	0
2331	11	0
2332	11	0
2333	11	0
2334	11	0
2335	11	0
2336	11	0
2337	11	0
2338	11	0
2339	11	0
2340	11	0
2341	11	0
2342	11	0
2343	11	0
2344	11	0
2345	11	0
2346	11	0
2347	11	0
2348	11	0
2349	11	0
2350	11	0
2351	11	0
2352	11	0
2353	11	0
2354	11	0
2355	11	0
2356	11	0
2357	11	0
2358	11	0
2359	11	0
2360	11	0
2361	11	0
2362	11	0
2363	11	0
2364	11	0
2365	11	0
2366	11	0
2367	11	0
2368	11	0
2369	11	0
2370	11	0
2371	11	0
2372	11	0
2373	11	0
2374	11	0
2375	11	0
2376	11	0
2377	11	0
2378	11	0
2379	11	0
2380	11	0
2381	11	0
2382	11	0
2383	11	0
2384	11	0
2385	11	0
2386	11	0
2387	11	0
2388	11	0
2389	11	0
2390	11	0
2391	11	0
2392	11	0
2393	11	0
2394	11	0
2395	11	0
2396	11	0
2397	11	0
2398	11	0
2399	11	0
2400	11	0
2401	11	0
2402	11	0
2403	11	0
2404	11	0
2405	11	0
2406	11	0
2407	11	0
2408	11	0
2409	11	0
2410	11	0
2411	11	0
2412	11	0
2413	11	0
2414	11	0
2415	11	0
2416	11	0
2417	11	0
2418	11	0
2419	11	0
2420	11	0
2421	11	0
2422	11	0
2423	11	0
2424	11	0
2425	11	0
2426	11	0
2427	11	0
2428	11	0
2429	11	0
2430	11	0
2431	11	0
2432	11	0
2433	11	0
2434	11	0
2435	11	0
2436	11	0
2437	11	0
2438	11	0
2439	11	0
2440	11	0
2441	11	0
2442	11	0
2443	11	0
2444	11	0
2445	11	0
2446	11	0
2447	11	0
2448	11	0
2449	11	0
2450	11	0
2451	11	0
2452	11	0
2453	11	0
2454	11	0
2455	11	0
2456	11	0
2457	11	0
2458	11	0
2459	11	0
2460	11	0
2461	11	0
2462	12	0
2463	12	0
2464	12	0
2465	12	0
2466	12	0
2467	13	0
2468	13	0
2469	13	0
2470	13	0
2471	13	0
2472	13	0
2473	13	0
2474	13	0
2475	13	0
2476	13	0
2477	13	0
2478	13	0
2479	13	0
2480	13	0
2481	13	0
2482	13	0
2483	13	0
2484	13	0
2485	13	0
2486	13	0
2487	13	0
2488	13	0
2489	13	0
2490	13	0
2491	13	0
2492	13	0
2493	13	0
2494	13	0
2495	13	0
2496	13	0
2497	13	0
2498	13	0
2499	13	0
2500	13	0
2501	13	0
2502	13	0
2503	13	0
2504	13	0
2505	13	0
2506	13	0
2507	14	0
2508	14	0
2509	14	0
2510	14	0
2511	14	0
2512	14	0
2513	14	0
2514	14	0
2515	14	0
2516	14	0
2517	14	0
2518	14	0
2519	14	0
2520	14	0
2521	14	0
2522	14	0
2523	14	0
2524	14	0
2525	14	0
2526	14	0
2527	14	0
2528	14	0
2529	14	0
2530	14	0
2531	14	0
2532	14	0
2533	14	0
2534	14	0
2535	14	0
2536	14	0
2537	14	0
2538	14	0
2539	15	0
2540	15	0
2541	15	0
2542	15	0
2543	15	0
2544	15	0
2545	15	0
2546	15	0
2547	15	0
2548	15	0
2549	15	0
2550	15	0
2551	15	0
2552	15	0
2553	15	0
2554	15	0
2555	15	0
2556	15	0
2557	15	0
2558	15	0
2559	15	0
2560	15	0
2561	15	0
2562	15	0
2563	15	0
2564	15	0
2565	15	0
2566	15	0
2567	15	0
2568	15	0
2569	15	0
2570	15	0
2571	15	0
2572	15	0
2573	15	0
2574	15	0
2575	15	0
2576	15	0
2577	15	0
2578	15	0
2579	15	0
2580	15	0
2581	15	0
2582	15	0
2583	15	0
2584	15	0
2585	15	0
2586	15	0
2587	15	0
2588	15	0
2589	15	0
2590	15	0
2591	15	0
2592	15	0
2593	15	0
2594	15	0
2595	15	0
2596	15	0
2597	15	0
2598	15	0
2599	15	0
2600	15	0
2601	15	0
2602	15	0
2603	15	0
2604	15	0
2605	15	0
2606	15	0
2607	15	0
2608	15	0
2609	15	0
2610	15	0
2611	16	0
2612	16	0
2613	16	0
2614	16	0
2615	16	0
2616	16	0
2617	16	0
2618	16	0
2619	16	0
2620	16	0
2621	16	0
2622	16	0
2623	16	0
2624	16	0
2625	16	0
2626	16	0
2627	16	0
2628	16	0
2629	16	0
2630	16	0
2631	16	0
2632	16	0
2633	16	0
2634	16	0
2635	16	0
2636	16	0
2637	16	0
2638	16	0
2639	16	0
2640	16	0
2641	16	0
2642	16	0
2643	16	0
2644	16	0
2645	16	0
2646	16	0
2647	16	0
2648	16	0
2649	16	0
2650	16	0
2651	16	0
2652	16	0
2653	16	0
2654	16	0
2655	16	0
2656	16	0
2657	16	0
2658	16	0
2659	16	0
2660	16	0
2661	16	0
2662	16	0
2663	16	0
2664	16	0
2665	16	0
2666	16	0
2667	16	0
2668	16	0
2669	16	0
2670	16	0
2671	16	0
2672	16	0
2673	16	0
2674	16	0
2675	16	0
2676	16	0
2677	16	0
2678	16	0
2679	16	0
2680	16	0
2681	16	0
2682	16	0
2683	16	0
2684	16	0
2685	16	0
2686	16	0
2687	16	0
2688	16	0
2689	16	0
2690	16	0
2691	16	0
2692	16	0
2693	16	0
2694	16	0
2695	16	0
2696	16	0
2697	16	0
2698	16	0
2699	16	0
2700	16	0
2701	16	0
2702	16	0
2703	16	0
2704	16	0
2705	16	0
2706	16	0
2707	16	0
2708	16	0
2709	16	0
2710	16	0
2711	16	0
2712	16	0
2713	16	0
2714	16	0
2715	16	0
2716	16	0
2717	16	0
2718	16	0
2719	16	0
2720	16	0
2721	16	0
2722	16	0
2723	16	0
2724	16	0
2725	16	0
2726	16	0
2727	16	0
2728	16	0
2729	16	0
2730	16	0
2731	16	0
2732	16	0
2733	16	0
2734	16	0
2735	16	0
2736	16	0
2737	16	0
2738	16	0
2739	16	0
2740	16	0
2741	16	0
2742	16	0
2743	16	0
2744	16	0
2745	16	0
2746	16	0
2747	16	0
2748	16	0
2749	16	0
2750	16	0
2751	16	0
2752	16	0
2753	16	0
2754	16	0
2755	16	0
2756	16	0
2757	16	0
2758	16	0
2759	16	0
2760	16	0
2761	16	0
2762	16	0
2763	16	0
2764	16	0
2765	16	0
2766	16	0
2767	16	0
2768	16	0
2769	16	0
2770	16	0
2771	16	0
2772	16	0
2773	16	0
2774	16	0
2775	16	0
2776	16	0
2777	16	0
2778	16	0
2779	16	0
2780	16	0
2781	16	0
2782	16	0
2783	16	0
2784	16	0
2785	16	0
2786	16	0
2787	16	0
2788	16	0
2789	16	0
2790	16	0
2791	16	0
2792	16	0
2793	16	0
2794	16	0
2795	16	0
2796	16	0
2797	17	0
2798	17	0
2799	17	0
2800	17	0
2801	17	0
2802	17	0
2803	17	0
2804	17	0
2805	17	0
2806	18	0
2807	18	0
2808	18	0
2809	19	0
2810	19	0
2811	19	0
2812	19	0
2813	19	0
2814	19	0
2815	19	0
2816	19	0
2817	19	0
2818	19	0
2819	19	0
2820	19	0
2821	19	0
2822	19	0
2823	19	0
2824	19	0
2825	19	0
2826	19	0
2827	19	0
2828	19	0
2829	19	0
2830	19	0
2831	19	0
2832	19	0
2833	19	0
2834	19	0
2835	19	0
2836	19	0
2837	19	0
2838	19	0
2839	19	0
2840	19	0
2841	19	0
2842	19	0
2843	19	0
2844	19	0
2845	19	0
2846	19	0
2847	19	0
2848	19	0
2849	19	0
2850	19	0
2851	19	0
2852	19	0
2853	19	0
2854	19	0
2855	19	0
2856	19	0
2857	19	0
2858	19	0
2859	19	0
2860	19	0
2861	19	0
2862	19	0
2863	19	0
2864	19	0
2865	19	0
2866	19	0
2867	19	0
2868	19	0
2869	19	0
2870	19	0
2871	19	0
2872	19	0
2873	19	0
2874	19	0
2875	19	0
2876	19	0
2877	19	0
2878	19	0
2879	20	0
2880	20	0
2881	20	0
2882	20	0
2883	20	0
2884	20	0
2885	20	0
2886	20	0
2887	20	0
2888	20	0
2889	20	0
2890	20	0
2891	20	0
2892	20	0
2893	20	0
2894	20	0
2895	20	0
2896	20	0
2897	20	0
2898	20	0
2899	20	0
2900	20	0
2901	20	0
2902	20	0
2903	20	0
2904	20	0
2905	20	0
2906	20	0
2907	20	0
2908	20	0
2909	20	0
2910	20	0
2911	20	0
2912	20	0
2913	20	0
2914	20	0
2915	20	0
2916	20	0
2917	20	0
2918	20	0
2919	20	0
2920	20	0
2921	20	0
2922	20	0
2923	20	0
2924	20	0
2925	20	0
2926	20	0
2927	20	0
2928	20	0
2929	20	0
2930	20	0
2931	20	0
2932	20	0
2933	20	0
2934	20	0
2935	20	0
2936	20	0
2937	20	0
2938	20	0
2939	20	0
2940	20	0
2941	20	0
2942	20	0
2943	20	0
2944	20	0
2945	20	0
2946	20	0
2947	20	0
2948	20	0
2949	20	0
2950	20	0
2951	20	0
2952	20	0
2953	20	0
2954	20	0
2955	20	0
2956	20	0
2957	20	0
2958	20	0
2959	20	0
2960	20	0
2961	20	0
2962	20	0
2963	20	0
2964	20	0
2965	20	0
2966	20	0
2967	20	0
2968	20	0
2969	20	0
2970	20	0
2971	20	0
2972	20	0
2973	20	0
2974	20	0
2975	20	0
2976	20	0
2977	20	0
2978	20	0
2979	20	0
2980	20	0
2981	20	0
2982	20	0
2983	20	0
2984	20	0
2985	20	0
2986	20	0
2987	20	0
2988	20	0
2989	20	0
2990	20	0
2991	20	0
2992	20	0
2993	20	0
2994	20	0
2995	20	0
2996	20	0
2997	20	0
2998	20	0
2999	20	0
3000	20	0
3001	20	0
3002	20	0
3003	20	0
3004	20	0
3005	20	0
3006	20	0
3007	20	0
3008	20	0
3009	20	0
3010	21	0
3011	21	0
3012	21	0
3013	21	0
3014	21	0
3015	21	0
3016	21	0
3017	21	0
3018	21	0
3019	21	0
3020	21	0
3021	21	0
3022	21	0
3023	21	0
3024	21	0
3025	21	0
3026	21	0
3027	21	0
3028	21	0
3029	21	0
3030	21	0
3031	21	0
3032	21	0
3033	21	0
3034	21	0
3035	21	0
3036	21	0
3037	21	0
3038	21	0
3039	21	0
3040	21	0
3041	21	0
3042	21	0
3043	21	0
3044	21	0
3045	21	0
3046	21	0
3047	21	0
3048	21	0
3049	21	0
3050	21	0
3051	21	0
3052	21	0
3053	21	0
3054	21	0
3055	21	0
3056	21	0
3057	21	0
3058	21	0
3059	21	0
3060	21	0
3061	21	0
3062	21	0
3063	21	0
3064	21	0
3065	21	0
3066	21	0
3067	21	0
3068	21	0
3069	21	0
3070	21	0
3071	21	0
3072	21	0
3073	21	0
3074	21	0
3075	21	0
3076	21	0
3077	21	0
3078	21	0
3079	21	0
3080	21	0
3081	21	0
3082	21	0
3083	21	0
3084	21	0
3085	21	0
3086	21	0
3087	21	0
3088	21	0
3089	21	0
3090	21	0
3091	21	0
3092	21	0
3093	21	0
3094	22	0
3095	22	0
3096	22	0
3097	22	0
3098	22	0
3099	22	0
3100	22	0
3101	22	0
3102	22	0
3103	22	0
3104	22	0
3105	22	0
3106	22	0
3107	22	0
3108	22	0
3109	22	0
3110	22	0
3111	22	0
3112	22	0
3113	22	0
3114	22	0
3115	22	0
3116	22	0
3117	22	0
3118	22	0
3119	22	0
3120	22	0
3121	22	0
3122	22	0
3123	22	0
3124	22	0
3125	22	0
3126	22	0
3127	22	0
3128	22	0
3129	22	0
3130	22	0
3131	22	0
3132	22	0
3133	22	0
3134	22	0
3135	22	0
3136	22	0
3137	22	0
3138	22	0
3139	22	0
3140	22	0
3141	22	0
3142	22	0
3143	22	0
3144	22	0
3145	22	0
3146	22	0
3147	22	0
3148	22	0
3149	22	0
3150	22	0
3151	22	0
3152	23	0
3153	23	0
3154	23	0
3155	23	0
3156	23	0
3157	23	0
3158	23	0
3159	23	0
3160	23	0
3161	23	0
3162	23	0
3163	23	0
3164	23	0
3165	23	0
3166	23	0
3167	23	0
3168	23	0
3169	23	0
3170	23	0
3171	23	0
3172	23	0
3173	23	0
3174	23	0
3175	23	0
3176	23	0
3177	23	0
3178	23	0
3179	23	0
3180	23	0
3181	23	0
3182	23	0
3183	23	0
3184	23	0
3185	23	0
3186	23	0
3187	23	0
3188	23	0
3189	23	0
3190	23	0
3191	23	0
3192	23	0
3193	23	0
3194	23	0
3195	23	0
3196	23	0
3197	23	0
3198	23	0
3199	23	0
3200	23	0
3201	23	0
3202	23	0
3203	23	0
3204	23	0
3205	23	0
3206	23	0
3207	23	0
3208	23	0
3209	23	0
3210	23	0
3211	23	0
3212	23	0
3213	23	0
3214	23	0
3215	23	0
3216	23	0
3217	23	0
3218	23	0
3219	23	0
3220	23	0
3221	23	0
3222	23	0
3223	23	0
3224	23	0
3225	23	0
3226	23	0
3227	23	0
3228	23	0
3229	23	0
3230	23	0
3231	23	0
3232	23	0
3233	23	0
3234	23	0
3235	23	0
3236	23	0
3237	23	0
3238	23	0
3239	23	0
3240	23	0
3241	23	0
3242	23	0
3243	23	0
3244	23	0
3245	23	0
3246	23	0
3247	23	0
3248	23	0
3249	23	0
3250	23	0
3251	23	0
3252	23	0
3253	23	0
3254	23	0
3255	23	0
3256	23	0
3257	23	0
3258	23	0
3259	23	0
3260	23	0
3261	23	0
3262	23	0
3263	23	0
3264	23	0
3265	23	0
3266	23	0
3267	23	0
3268	23	0
3269	23	0
3270	23	0
3271	23	0
3272	23	0
3273	23	0
3274	23	0
3275	23	0
3276	23	0
3277	23	0
3278	23	0
3279	23	0
3280	23	0
3281	23	0
3282	23	0
3283	23	0
3284	23	0
3285	23	0
3286	23	0
3287	23	0
3288	23	0
3289	23	0
3290	23	0
3291	23	0
3292	23	0
3293	23	0
3294	23	0
3295	23	0
3296	23	0
3297	23	0
3298	23	0
3299	23	0
3300	23	0
3301	23	0
3302	23	0
3303	23	0
3304	23	0
3305	23	0
3306	23	0
3307	23	0
3308	23	0
3309	23	0
3310	23	0
3311	23	0
3312	23	0
3313	23	0
3314	23	0
3315	23	0
3316	23	0
3317	23	0
3318	24	0
3319	24	0
3320	24	0
3321	24	0
3322	24	0
3323	24	0
3324	24	0
3325	24	0
3326	24	0
3327	24	0
3328	24	0
3329	24	0
3330	24	0
3331	24	0
3332	24	0
3333	24	0
3334	24	0
3335	24	0
3336	24	0
3337	25	0
3338	25	0
3339	25	0
3340	25	0
3341	25	0
3342	25	0
3343	25	0
3344	25	0
3345	25	0
3346	25	0
3347	25	0
3348	25	0
3349	25	0
3350	25	0
3351	25	0
3352	25	0
3353	25	0
3354	25	0
3355	25	0
3356	25	0
3357	25	0
3358	25	0
3359	25	0
3360	25	0
3361	25	0
3362	25	0
3363	25	0
3364	25	0
3365	25	0
3366	25	0
3367	25	0
3368	25	0
3369	25	0
3370	25	0
3371	25	0
3372	25	0
3373	25	0
3374	25	0
3375	25	0
3376	25	0
3377	25	0
3378	25	0
3379	25	0
3380	25	0
3381	25	0
3382	25	0
3383	25	0
3384	25	0
3385	25	0
3386	25	0
3387	25	0
3388	25	0
3389	25	0
3390	25	0
3391	25	0
3392	25	0
3393	25	0
3394	25	0
3395	25	0
3396	25	0
3397	25	0
3398	25	0
3399	25	0
3400	25	0
3401	25	0
3402	25	0
3403	25	0
3404	25	0
3405	25	0
3406	25	0
3407	25	0
3408	25	0
3409	25	0
3410	25	0
3411	25	0
3412	25	0
3413	25	0
3414	25	0
3415	25	0
3416	25	0
3417	25	0
3418	25	0
3419	25	0
3420	25	0
3421	25	0
3422	25	0
3423	25	0
3424	25	0
3425	25	0
3426	25	0
3427	25	0
3428	25	0
3429	25	0
3430	25	0
3431	25	0
3432	25	0
3433	25	0
3434	25	0
3435	25	0
3436	25	0
3437	25	0
3438	25	0
3439	25	0
3440	25	0
3441	25	0
3442	25	0
3443	25	0
3444	25	0
3445	25	0
3446	25	0
3447	25	0
3448	25	0
3449	25	0
3450	25	0
3451	25	0
3452	25	0
3453	25	0
3454	25	0
3455	25	0
3456	25	0
3457	25	0
3458	25	0
3459	25	0
3460	25	0
3461	25	0
3462	25	0
3463	25	0
3464	25	0
3465	25	0
3466	25	0
3467	25	0
3468	25	0
3469	25	0
3470	25	0
3471	25	0
3472	25	0
3473	25	0
3474	25	0
3475	25	0
3476	25	0
3477	25	0
3478	25	0
3479	25	0
3480	25	0
3481	25	0
3482	25	0
3483	25	0
3484	25	0
3485	25	0
3486	25	0
3487	25	0
3488	25	0
3489	25	0
3490	25	0
3491	25	0
3492	25	0
3493	25	0
3494	25	0
3495	25	0
3496	25	0
3497	25	0
3498	25	0
3499	25	0
3500	25	0
3501	25	0
3502	25	0
3503	25	0
3504	25	0
3505	25	0
3506	25	0
3507	25	0
3508	25	0
3509	25	0
3510	25	0
3511	25	0
3512	25	0
3513	25	0
3514	25	0
3515	25	0
3516	25	0
3517	25	0
3518	25	0
3519	25	0
3520	25	0
3521	25	0
3522	25	0
3523	25	0
3524	25	0
3525	25	0
3526	25	0
3527	25	0
3528	25	0
3529	25	0
3530	25	0
3531	25	0
3532	25	0
3533	25	0
3534	25	0
3535	25	0
3536	25	0
3537	25	0
3538	25	0
3539	25	0
3540	25	0
3541	25	0
3542	25	0
3543	25	0
3544	25	0
3545	25	0
3546	25	0
3547	25	0
3548	25	0
3549	25	0
3550	25	0
3551	25	0
3552	25	0
3553	25	0
3554	25	0
3555	25	0
3556	25	0
3557	25	0
3558	25	0
3559	25	0
3560	25	0
3561	25	0
3562	25	0
3563	25	0
3564	25	0
3565	25	0
3566	25	0
3567	25	0
3568	25	0
3569	25	0
3570	25	0
3571	25	0
3572	25	0
3573	25	0
3574	25	0
3575	25	0
3576	25	0
3577	25	0
3578	25	0
3579	25	0
3580	25	0
3581	25	0
3582	25	0
3583	25	0
3584	25	0
3585	25	0
3586	25	0
3587	25	0
3588	25	0
3589	25	0
3590	25	0
3591	25	0
3592	25	0
3593	25	0
3594	25	0
3595	25	0
3596	25	0
3597	25	0
3598	25	0
3599	25	0
3600	25	0
3601	25	0
3602	25	0
3603	25	0
3604	25	0
3605	25	0
3606	25	0
3607	25	0
3608	25	0
3609	25	0
3610	25	0
3611	25	0
3612	25	0
3613	25	0
3614	25	0
3615	25	0
3616	25	0
3617	25	0
3618	25	0
3619	25	0
3620	25	0
3621	25	0
3622	25	0
3623	25	0
3624	25	0
3625	25	0
3626	25	0
3627	25	0
3628	25	0
3629	25	0
3630	25	0
3631	25	0
3632	25	0
3633	25	0
3634	25	0
3635	25	0
3636	25	0
3637	25	0
3638	25	0
3639	25	0
3640	25	0
3641	25	0
3642	25	0
3643	25	0
3644	25	0
3645	25	0
3646	25	0
3647	25	0
3648	25	0
3649	25	0
3650	25	0
3651	25	0
3652	25	0
3653	25	0
3654	25	0
3655	25	0
3656	25	0
3657	25	0
3658	25	0
3659	25	0
3660	25	0
3661	25	0
3662	25	0
3663	25	0
3664	25	0
3665	25	0
3666	25	0
3667	25	0
3668	25	0
3669	25	0
3670	25	0
3671	25	0
3672	25	0
3673	25	0
3674	25	0
3675	25	0
3676	25	0
3677	25	0
3678	25	0
3679	25	0
3680	25	0
3681	25	0
3682	25	0
3683	25	0
3684	25	0
3685	25	0
3686	25	0
3687	25	0
3688	25	0
3689	25	0
3690	25	0
3691	25	0
3692	25	0
3693	25	0
3694	25	0
3695	25	0
3696	25	0
3697	25	0
3698	25	0
3699	25	0
3700	25	0
3701	25	0
3702	25	0
3703	25	0
3704	25	0
3705	25	0
3706	25	0
3707	25	0
3708	25	0
3709	25	0
3710	25	0
3711	25	0
3712	25	0
3713	25	0
3714	25	0
3715	25	0
3716	25	0
3717	25	0
3718	25	0
3719	25	0
3720	25	0
3721	25	0
3722	25	0
3723	25	0
3724	25	0
3725	25	0
3726	25	0
3727	25	0
3728	25	0
3729	25	0
3730	25	0
3731	25	0
3732	25	0
3733	25	0
3734	25	0
3735	25	0
3736	25	0
3737	25	0
3738	25	0
3739	25	0
3740	25	0
3741	25	0
3742	25	0
3743	25	0
3744	25	0
3745	25	0
3746	25	0
3747	25	0
3748	25	0
3749	25	0
3750	25	0
3751	25	0
3752	25	0
3753	25	0
3754	25	0
3755	25	0
3756	25	0
3757	25	0
3758	25	0
3759	25	0
3760	25	0
3761	25	0
3762	25	0
3763	25	0
3764	25	0
3765	25	0
3766	25	0
3767	25	0
3768	25	0
3769	25	0
3770	25	0
3771	25	0
3772	25	0
3773	25	0
3774	25	0
3775	25	0
3776	25	0
3777	25	0
3778	25	0
3779	25	0
3780	25	0
3781	25	0
3782	25	0
3783	25	0
3784	25	0
3785	25	0
3786	25	0
3787	25	0
3788	25	0
3789	25	0
3790	25	0
3791	25	0
3792	25	0
3793	25	0
3794	25	0
3795	25	0
3796	25	0
3797	25	0
3798	25	0
3799	25	0
3800	25	0
3801	25	0
3802	25	0
3803	25	0
3804	25	0
3805	26	0
3806	26	0
3807	26	0
3808	26	0
3809	26	0
3810	26	0
3811	26	0
3812	26	0
3813	26	0
3814	26	0
3815	26	0
3816	26	0
3817	26	0
3818	26	0
3819	26	0
3820	26	0
3821	26	0
3822	26	0
3823	26	0
3824	26	0
3825	26	0
3826	26	0
3827	26	0
3828	26	0
3829	26	0
3830	26	0
3831	26	0
3832	26	0
3833	26	0
3834	26	0
3835	26	0
3836	26	0
3837	26	0
3838	26	0
3839	26	0
3840	26	0
3841	26	0
3842	26	0
3843	26	0
3844	26	0
3845	26	0
3846	26	0
3847	26	0
3848	26	0
3849	26	0
3850	26	0
3851	26	0
3852	26	0
3853	26	0
3854	26	0
3855	26	0
3856	26	0
3857	26	0
3858	26	0
3859	26	0
3860	26	0
3861	26	0
3862	26	0
3863	26	0
3864	26	0
3865	26	0
3866	26	0
3867	26	0
3868	26	0
3869	26	0
3870	26	0
3871	26	0
3872	26	0
3873	26	0
3874	26	0
3875	26	0
3876	26	0
3877	26	0
3878	26	0
3879	26	0
3880	26	0
3881	26	0
3882	26	0
3883	26	0
3884	26	0
3885	26	0
3886	26	0
3887	26	0
3888	26	0
3889	26	0
3890	26	0
3891	26	0
3892	26	0
3893	26	0
3894	26	0
3895	26	0
3896	26	0
3897	26	0
3898	26	0
3899	26	0
3900	26	0
3901	26	0
3902	26	0
3903	26	0
3904	26	0
3905	26	0
3906	26	0
3907	26	0
3908	26	0
3909	26	0
3910	26	0
3911	26	0
3912	26	0
3913	26	0
3914	26	0
3915	26	0
3916	26	0
3917	26	0
3918	26	0
3919	26	0
3920	26	0
3921	26	0
3922	26	0
3923	26	0
3924	26	0
3925	27	0
3926	27	0
3927	27	0
3928	27	0
3929	27	0
3930	27	0
3931	27	0
3932	27	0
3933	27	0
3934	27	0
3935	27	0
3936	27	0
3937	27	0
3938	27	0
3939	27	0
3940	27	0
3941	27	0
3942	27	0
3943	27	1
3944	27	1
3945	27	1
3946	27	1
3947	27	1
3948	27	1
3949	27	1
3950	27	1
3951	27	1
3952	27	1
3953	27	1
3954	27	1
3955	27	1
3956	27	1
3957	27	1
3958	27	1
3959	27	1
3960	27	1
3961	27	1
3962	27	1
3963	27	1
3964	27	1
3965	27	1
3966	27	1
3967	27	1
3968	27	1
3969	27	1
3970	27	1
3971	27	1
3972	27	1
3973	27	1
3974	27	1
3975	27	1
3976	27	1
3977	27	1
3978	27	1
3979	27	1
3980	27	1
3981	27	1
3982	27	1
3983	27	1
3984	27	1
3985	27	1
3986	27	1
3987	27	1
3988	27	1
3989	27	1
3990	27	1
3991	27	1
3992	27	1
3993	27	1
3994	27	1
3995	27	1
3996	27	1
3997	27	1
3998	27	1
3999	27	1
4000	27	1
4001	27	1
4002	27	1
4003	27	1
4004	27	1
4005	27	1
4006	27	1
4007	27	1
4008	27	1
4009	27	1
4010	27	1
4011	27	1
4012	27	1
4013	27	1
4014	27	1
4015	27	1
4016	27	1
4017	27	1
4018	27	1
4019	27	1
4020	27	1
4021	27	1
4022	27	1
4023	27	1
4024	27	1
4025	27	1
4026	27	1
4027	27	1
4028	27	1
4029	27	1
4030	27	1
4031	27	1
4032	27	1
4033	27	1
4034	27	1
4035	27	1
4036	27	1
4037	27	1
4038	27	1
4039	27	1
4040	27	1
4041	27	1
4042	27	1
4043	27	1
4044	27	1
4045	27	1
4046	27	1
4047	27	1
4048	27	1
4049	27	1
4050	27	1
4051	27	1
4052	27	1
4053	27	1
4054	27	1
4055	28	1
4056	28	1
4057	28	1
4058	28	1
4059	28	1
4060	28	1
4061	28	1
4062	28	1
4063	28	1
4064	28	1
4065	28	1
4066	28	1
4067	28	1
4068	28	1
4069	28	1
4070	28	1
4071	28	1
4072	28	1
4073	28	1
4074	28	1
4075	28	1
4076	28	1
4077	28	1
4078	28	1
4079	28	1
4080	29	1
4081	29	1
4082	29	1
4083	29	1
4084	29	1
4085	29	1
4086	29	1
4087	29	1
4088	29	1
4089	29	1
4090	29	1
4091	29	1
4092	29	1
4093	29	1
4094	29	1
4095	29	1
4096	29	1
4097	29	1
4098	29	1
4099	29	1
4100	29	1
4101	29	1
4102	29	1
4103	29	1
4104	29	1
4105	29	1
4106	29	1
4107	29	1
4108	29	1
4109	29	1
4110	29	1
4111	29	1
4112	29	1
4113	29	1
4114	29	1
4115	29	1
4116	29	1
4117	29	1
4118	29	1
4119	29	1
4120	29	1
4121	29	1
4122	29	1
4123	29	1
4124	29	1
4125	29	1
4126	29	1
4127	29	1
4128	29	1
4129	29	1
4130	29	1
4131	29	1
4132	29	1
4133	29	1
4134	29	1
4135	29	1
4136	29	1
4137	29	1
4138	29	1
4139	29	1
4140	29	1
4141	29	1
4142	29	1
4143	29	1
4144	29	1
4145	29	1
4146	29	1
4147	29	1
4148	29	1
4149	29	1
4150	29	1
4151	29	1
4152	29	1
4153	29	1
4154	29	1
4155	29	1
4156	29	1
4157	29	1
4158	29	1
4159	29	1
4160	29	1
4161	29	1
4162	29	1
4163	29	1
4164	29	1
4165	29	1
4166	29	1
4167	29	1
4168	29	1
4169	29	1
4170	29	1
4171	29	1
4172	29	1
4173	29	1
4174	29	1
4175	29	1
4176	29	1
4177	29	1
4178	29	1
4179	29	1
4180	29	1
4181	29	1
4182	29	1
4183	29	1
4184	29	1
4185	29	1
4186	29	1
4187	29	1
4188	29	1
4189	29	1
4190	29	1
4191	29	1
4192	29	1
4193	29	1
4194	29	1
4195	29	1
4196	29	1
4197	29	1
4198	29	1
4199	29	1
4200	29	1
4201	29	1
4202	29	1
4203	29	1
4204	29	1
4205	29	1
4206	29	1
4207	29	1
4208	29	1
4209	29	1
4210	29	1
4211	29	1
4212	29	1
4213	29	1
4214	29	1
4215	29	1
4216	29	1
4217	29	1
4218	29	1
4219	29	1
4220	29	1
4221	29	1
4222	29	1
4223	29	1
4224	29	1
4225	29	1
4226	29	1
4227	29	1
4228	29	1
4229	29	1
4230	29	1
4231	29	1
4232	29	1
4233	29	1
4234	29	1
4235	29	1
4236	29	1
4237	29	1
4238	29	1
4239	29	1
4240	29	1
4241	29	1
4242	29	1
4243	29	1
4244	29	1
4245	29	1
4246	29	1
4247	29	1
4248	29	1
4249	29	1
4250	29	1
4251	29	1
4252	29	1
4253	29	1
4254	29	1
4255	29	1
4256	29	1
4257	29	1
4258	29	1
4259	29	1
4260	29	1
4261	29	1
4262	29	1
4263	29	1
4264	29	1
4265	29	1
4266	29	1
4267	29	1
4268	29	1
4269	29	1
4270	29	1
4271	29	1
4272	29	1
4273	29	1
4274	29	1
4275	29	1
4276	29	1
4277	29	1
4278	29	1
4279	29	1
4280	30	1
4281	30	1
4282	30	1
4283	30	1
4284	30	1
4285	30	1
4286	30	1
4287	30	1
4288	30	1
4289	30	1
4290	30	1
4291	30	1
4292	30	1
4293	30	1
4294	30	1
4295	30	1
4296	30	1
4297	30	1
4298	30	1
4299	30	1
4300	30	1
4301	30	1
4302	30	1
4303	30	1
4304	30	1
4305	30	1
4306	30	1
4307	30	1
4308	30	1
4309	30	1
4310	30	1
4311	30	1
4312	30	1
4313	30	1
4314	30	1
4315	30	1
4316	30	1
4317	30	1
4318	30	1
4319	30	1
4320	30	1
4321	30	1
4322	30	1
4323	30	1
4324	30	1
4325	30	1
4326	30	1
4327	30	1
4328	30	1
4329	30	1
4330	30	1
4331	30	1
4332	30	1
4333	30	1
4334	30	1
4335	30	1
4336	30	1
4337	30	1
4338	30	1
4339	30	1
4340	30	1
4341	30	1
4342	30	1
4343	30	1
4344	30	1
4345	30	1
4346	30	1
4347	30	1
4348	30	1
4349	30	1
4350	30	1
4351	30	1
4352	30	1
4353	30	1
4354	30	1
4355	30	1
4356	30	1
4357	30	1
4358	30	1
4359	30	1
4360	30	1
4361	30	1
4362	30	1
4363	30	1
4364	30	1
4365	30	1
4366	30	1
4367	30	1
4368	30	1
4369	30	1
4370	30	1
4371	30	1
4372	30	1
4373	30	1
4374	30	1
4375	30	1
4376	30	1
4377	30	1
4378	30	1
4379	30	1
4380	30	1
4381	30	1
4382	30	1
4383	30	1
4384	30	1
4385	30	1
4386	30	1
4387	30	1
4388	30	1
4389	30	1
4390	30	1
4391	30	1
4392	30	1
4393	30	1
4394	30	1
4395	30	1
4396	30	1
4397	30	1
4398	30	1
4399	30	1
4400	30	1
4401	30	1
4402	30	1
4403	30	1
4404	30	1
4405	30	1
4406	30	1
4407	30	1
4408	30	1
4409	30	1
4410	30	1
4411	30	1
4412	30	1
4413	30	1
4414	30	1
4415	30	1
4416	30	1
4417	30	1
4418	30	1
4419	30	1
4420	30	1
4421	30	1
4422	30	1
4423	30	1
4424	30	1
4425	30	1
4426	30	1
4427	30	1
4428	30	1
4429	30	1
4430	30	1
4431	30	1
4432	30	1
4433	30	1
4434	30	1
4435	30	1
4436	30	1
4437	30	1
4438	30	1
4439	30	1
4440	30	1
4441	30	1
4442	30	1
4443	30	1
4444	30	1
4445	30	1
4446	30	1
4447	30	1
4448	30	1
4449	30	1
4450	30	1
4451	30	1
4452	30	1
4453	30	1
4454	30	1
4455	30	1
4456	30	1
4457	30	1
4458	30	1
4459	30	1
4460	30	1
4461	30	1
4462	30	1
4463	30	1
4464	30	1
4465	30	1
4466	30	1
4467	30	1
4468	30	1
4469	30	1
4470	30	1
4471	30	1
4472	30	1
4473	30	1
4474	30	1
4475	30	1
4476	30	1
4477	30	1
4478	30	1
4479	30	1
4480	30	1
4481	30	1
4482	30	1
4483	30	1
4484	30	1
4485	30	1
4486	30	1
4487	30	1
4488	30	1
4489	30	1
4490	30	1
4491	30	1
4492	30	1
4493	30	1
4494	30	1
4495	30	1
4496	30	1
4497	30	1
4498	30	1
4499	30	1
4500	30	1
4501	30	1
4502	30	1
4503	30	1
4504	30	1
4505	30	1
4506	30	1
4507	30	1
4508	30	1
4509	30	1
4510	30	1
4511	30	1
4512	30	1
4513	30	1
4514	30	1
4515	30	1
4516	30	1
4517	30	1
4518	30	1
4519	30	1
4520	30	1
4521	30	1
4522	30	1
4523	30	1
4524	30	1
4525	30	1
4526	30	1
4527	30	1
4528	30	1
4529	30	1
4530	30	1
4531	30	1
4532	30	1
4533	30	1
4534	30	1
4535	30	1
4536	30	1
4537	30	1
4538	30	1
4539	30	1
4540	30	1
4541	30	1
4542	30	1
4543	30	1
4544	30	1
4545	30	1
4546	30	1
4547	30	1
4548	30	1
4549	30	1
4550	30	1
4551	30	1
4552	30	1
4553	30	1
4554	30	1
4555	30	1
4556	30	1
4557	30	1
4558	30	1
4559	30	1
4560	30	1
4561	30	1
4562	30	1
4563	30	1
4564	30	1
4565	30	1
4566	30	1
4567	30	1
4568	30	1
4569	30	1
4570	30	1
4571	30	1
4572	30	1
4573	30	1
4574	30	1
4575	30	1
4576	30	1
4577	30	1
4578	30	1
4579	30	1
4580	30	1
4581	30	1
4582	30	1
4583	30	1
4584	30	1
4585	30	1
4586	30	1
4587	30	1
4588	30	1
4589	30	1
4590	30	1
4591	30	1
4592	30	1
4593	30	1
4594	30	1
4595	30	1
4596	30	1
4597	30	1
4598	30	1
4599	30	1
4600	30	1
4601	30	1
4602	30	1
4603	30	1
4604	30	1
4605	30	1
4606	30	1
4607	30	1
4608	30	1
4609	30	1
4610	30	1
4611	30	1
4612	30	1
4613	30	1
4614	30	1
4615	30	1
4616	30	1
4617	30	1
4618	30	1
4619	30	1
4620	30	1
4621	30	1
4622	30	1
4623	30	1
4624	30	1
4625	30	1
4626	30	1
4627	30	1
4628	30	1
4629	30	1
4630	30	1
4631	30	1
4632	30	1
4633	30	1
4634	30	1
4635	30	1
4636	30	1
4637	30	1
4638	30	1
4639	30	1
4640	30	1
4641	30	1
4642	30	1
4643	30	1
4644	30	1
4645	30	1
4646	30	1
4647	30	1
4648	30	1
4649	30	1
4650	30	1
4651	30	1
4652	30	1
4653	30	1
4654	30	1
4655	30	1
4656	30	1
4657	30	1
4658	30	1
4659	30	1
4660	30	1
4661	30	1
4662	30	1
4663	30	1
4664	30	1
4665	30	1
4666	30	1
4667	30	1
4668	30	1
4669	30	1
4670	30	1
4671	30	1
4672	30	1
4673	30	1
4674	30	1
4675	30	1
4676	30	1
4677	30	1
4678	30	1
4679	30	1
4680	30	1
4681	30	1
4682	30	1
4683	30	1
4684	30	1
4685	30	1
4686	30	1
4687	30	1
4688	30	1
4689	30	1
4690	30	1
4691	30	1
4692	30	1
4693	30	1
4694	30	1
4695	30	1
4696	30	1
4697	30	1
4698	30	1
4699	30	1
4700	30	1
4701	30	1
4702	30	1
4703	30	1
4704	30	1
4705	30	1
4706	30	1
4707	30	1
4708	30	1
4709	30	1
4710	30	1
4711	30	1
4712	30	1
4713	30	1
4714	30	1
4715	30	1
4716	30	1
4717	30	1
4718	30	1
4719	30	1
4720	30	1
4721	30	1
4722	30	1
4723	30	1
4724	30	1
4725	30	1
4726	30	1
4727	30	1
4728	30	1
4729	30	1
4730	30	1
4731	30	1
4732	30	1
4733	30	1
4734	30	1
4735	30	1
4736	30	1
4737	30	1
4738	30	1
4739	30	1
4740	30	1
4741	30	1
4742	30	1
4743	30	1
4744	30	1
4745	30	1
4746	30	1
4747	30	1
4748	30	1
4749	30	1
4750	30	1
4751	30	1
4752	30	1
4753	30	1
4754	30	1
4755	30	1
4756	30	1
4757	30	1
4758	30	1
4759	30	1
4760	30	1
4761	30	1
4762	30	1
4763	30	1
4764	30	1
4765	30	1
4766	30	1
4767	30	1
4768	30	1
4769	30	1
4770	30	1
4771	30	1
4772	30	1
4773	30	1
4774	30	1
4775	30	1
4776	30	1
4777	30	1
4778	30	1
4779	30	1
4780	30	1
4781	30	1
4782	30	1
4783	30	1
4784	30	1
4785	30	1
4786	30	1
4787	30	1
4788	30	1
4789	30	1
4790	30	1
4791	30	1
4792	30	1
4793	30	1
4794	30	1
4795	30	1
4796	30	1
4797	30	1
4798	30	1
4799	30	1
4800	30	1
4801	30	1
4802	30	1
4803	30	1
4804	30	1
4805	30	1
4806	30	1
4807	30	1
4808	30	1
4809	30	1
4810	30	1
4811	30	1
4812	30	1
4813	30	1
4814	30	1
4815	30	1
4816	30	1
4817	30	1
4818	30	1
4819	30	1
4820	30	1
4821	30	1
4822	30	1
4823	30	1
4824	30	1
4825	30	1
4826	30	1
4827	30	1
4828	30	1
4829	30	1
4830	30	1
4831	30	1
4832	30	1
4833	30	1
4834	30	1
4835	30	1
4836	30	1
4837	30	1
4838	30	1
4839	30	1
4840	30	1
4841	30	1
4842	30	1
4843	30	1
4844	30	1
4845	30	1
4846	30	1
4847	30	1
4848	30	1
4849	30	1
4850	30	1
4851	30	1
4852	30	1
4853	30	1
4854	30	1
4855	30	1
4856	30	1
4857	30	1
4858	30	1
4859	30	1
4860	30	1
4861	30	1
4862	30	1
4863	30	1
4864	30	1
4865	30	1
4866	30	1
4867	30	1
4868	30	1
4869	30	1
4870	30	1
4871	30	1
4872	30	1
4873	30	1
4874	30	1
4875	30	1
4876	30	1
4877	30	1
4878	30	1
4879	30	1
4880	30	1
4881	30	1
4882	30	1
4883	30	1
4884	30	1
4885	30	1
4886	30	1
4887	30	1
4888	30	1
4889	30	1
4890	30	1
4891	30	1
4892	30	1
4893	30	1
4894	30	1
4895	30	1
4896	30	1
4897	30	1
4898	30	1
4899	30	1
4900	30	1
4901	30	1
4902	30	1
4903	30	1
4904	30	1
4905	30	1
4906	30	1
4907	30	1
4908	30	1
4909	30	1
4910	30	1
4911	30	1
4912	30	1
4913	30	1
4914	30	1
4915	30	1
4916	30	1
4917	30	1
4918	30	1
4919	30	1
4920	30	1
4921	30	1
4922	30	1
4923	30	1
4924	30	1
4925	30	1
4926	30	1
4927	30	1
4928	30	1
4929	30	1
4930	30	1
4931	30	1
4932	30	1
4933	30	1
4934	30	1
4935	30	1
4936	30	1
4937	30	1
4938	30	1
4939	30	1
4940	30	1
4941	30	1
4942	30	1
4943	30	1
4944	30	1
4945	30	1
4946	30	1
4947	30	1
4948	30	1
4949	30	1
4950	30	1
4951	30	1
4952	30	1
4953	30	1
4954	30	1
4955	30	1
4956	30	1
4957	30	1
4958	30	1
4959	30	1
4960	30	1
4961	30	1
4962	30	1
4963	30	1
4964	30	1
4965	30	1
4966	30	1
4967	30	1
4968	30	1
4969	30	1
4970	30	1
4971	30	1
4972	30	1
4973	30	1
4974	30	1
4975	30	1
4976	30	1
4977	30	1
4978	30	1
4979	30	1
4980	30	1
4981	30	1
4982	30	1
4983	30	1
4984	30	1
4985	30	1
4986	30	1
4987	30	1
4988	30	1
4989	30	1
4990	30	1
4991	30	1
4992	30	1
4993	30	1
4994	30	1
4995	30	1
4996	30	1
4997	30	1
4998	30	1
4999	30	1
5000	30	1
5001	30	1
5002	30	1
5003	30	1
5004	30	1
5005	30	1
5006	30	1
5007	30	1
5008	30	1
5009	30	1
5010	30	1
5011	30	2
5012	30	2
5013	30	2
5014	30	2
5015	30	2
5016	30	2
5017	30	2
5018	30	2
5019	30	2
5020	30	2
5021	30	2
5022	30	2
5023	30	2
5024	30	2
5025	30	2
5026	30	2
5027	30	2
5028	30	2
5029	30	2
5030	30	2
5031	30	2
5032	30	2
5033	30	2
5034	30	2
5035	30	2
5036	30	2
5037	30	2
5038	30	2
5039	30	2
5040	30	2
5041	30	2
5042	30	2
5043	30	2
5044	30	2
5045	30	2
5046	30	2
5047	30	2
5048	30	2
5049	30	2
5050	30	2
5051	30	2
5052	30	2
5053	30	2
5054	30	2
5055	30	2
5056	30	2
5057	30	2
5058	30	2
5059	30	2
5060	30	2
5061	30	2
5062	30	2
5063	30	2
5064	30	2
5065	30	2
5066	30	2
5067	30	2
5068	30	2
5069	30	2
5070	30	2
5071	30	2
5072	30	2
5073	30	2
5074	30	2
5075	30	2
5076	30	2
5077	30	2
5078	30	2
5079	30	2
5080	30	2
5081	30	2
5082	30	2
5083	30	2
5084	30	2
5085	30	2
5086	30	2
5087	30	2
5088	30	2
5089	30	2
5090	30	2
5091	30	2
5092	30	2
5093	30	2
5094	30	2
5095	30	2
5096	30	2
5097	30	2
5098	30	2
5099	30	2
5100	30	2
5101	30	2
5102	30	2
5103	30	2
5104	30	2
5105	30	2
5106	30	2
5107	30	2
5108	30	2
5109	30	2
5110	30	2
5111	30	2
5112	30	2
5113	30	2
5114	30	2
5115	30	2
5116	30	2
5117	30	2
5118	30	2
5119	30	2
5120	30	2
5121	30	2
5122	30	2
5123	30	2
5124	30	2
5125	30	2
5126	30	2
5127	30	2
5128	30	2
5129	30	2
5130	30	2
5131	30	2
5132	30	2
5133	30	2
5134	30	2
5135	30	2
5136	30	2
5137	30	2
5138	30	2
5139	30	2
5140	30	2
5141	30	2
5142	30	2
5143	30	2
5144	30	2
5145	30	3
5146	30	3
5147	30	3
5148	30	3
5149	30	3
5150	30	3
5151	30	3
5152	30	3
5153	30	3
5154	30	3
5155	30	3
5156	30	3
5157	30	3
5158	30	3
5159	30	3
5160	30	3
5161	30	3
5162	30	3
5163	30	3
5164	30	3
5165	30	3
5166	30	3
5167	30	3
5168	30	3
5169	30	3
5170	30	3
5171	30	3
5172	30	3
5173	30	3
5174	30	3
5175	30	3
5176	30	3
5177	30	3
5178	30	3
5179	30	3
5180	30	3
5181	30	3
5182	30	3
5183	30	3
5184	30	3
5185	30	3
5186	30	3
5187	30	3
5188	30	3
5189	30	3
5190	30	3
5191	30	3
5192	30	3
5193	30	3
5194	30	3
5195	30	3
5196	30	3
5197	30	3
5198	30	3
5199	30	3
5200	30	3
5201	30	3
5202	30	3
5203	30	3
5204	30	3
5205	30	3
5206	30	3
5207	30	3
5208	30	3
5209	30	4
5210	30	4
5211	30	4
5212	30	4
5213	30	4
5214	30	4
5215	30	4
5216	30	4
5217	30	4
5218	30	4
5219	30	4
5220	30	4
5221	30	4
5222	30	4
5223	30	4
5224	30	4
5225	30	4
5226	30	4
5227	30	4
5228	30	4
5229	30	4
5230	30	4
5231	30	4
5232	30	3
5233	30	3
5234	30	3
5235	30	3
5236	30	3
5237	31	3
5238	31	3
5239	31	3
5240	31	3
5241	31	3
5242	31	3
5243	31	3
5244	31	3
5245	31	3
5246	31	3
5247	31	3
5248	31	3
5249	31	3
5250	31	3
5251	31	3
5252	31	3
5253	31	3
5254	31	3
5255	31	3
5256	31	3
5257	31	3
5258	31	3
5259	31	3
5260	31	3
5261	31	3
5262	31	3
5263	31	3
5264	31	3
5265	31	3
5266	31	3
5267	31	3
5268	31	3
5269	31	3
5270	31	3
5271	31	3
5272	31	3
5273	31	3
5274	31	3
5275	31	3
5276	31	3
5277	31	3
5278	31	3
5279	31	3
5280	31	3
5281	31	3
5282	31	3
5283	31	3
5284	31	3
5285	31	3
5286	31	3
5287	31	3
5288	31	3
5289	31	3
5290	31	3
5291	31	3
5292	31	3
5293	31	3
5294	31	3
5295	31	3
5296	31	3
5297	31	3
5298	31	3
5299	31	3
5300	31	3
5301	31	3
5302	31	3
5303	31	3
5304	31	3
5305	31	3
5306	31	3
5307	31	3
5308	31	3
5309	31	3
5310	31	3
5311	31	3
5312	31	3
5313	31	3
5314	31	3
5315	31	3
5316	31	3
5317	31	3
5318	31	3
5319	31	3
5320	31	3
5321	31	3
5322	31	3
5323	31	3
5324	31	3
5325	31	3
5326	31	3
5327	31	3
5328	31	3
5329	31	3
5330	31	3
5331	31	3
5332	31	3
5333	31	3
5334	31	3
5335	31	3
5336	31	3
5337	31	3
5338	31	3
5339	31	3
5340	31	3
5341	31	3
5342	31	3
5343	31	3
5344	31	3
5345	31	3
5346	31	3
5347	31	3
5348	31	3
5349	31	3
5350	31	3
5351	31	3
5352	31	3
5353	31	3
5354	31	3
5355	31	3
5356	31	3
5357	31	3
5358	31	3
5359	31	3
5360	31	3
5361	31	3
5362	31	3
5363	31	3
5364	31	3
5365	31	3
5366	31	3
5367	31	3
5368	31	3
5369	31	3
5370	31	3
5371	31	3
5372	31	3
5373	31	3
5374	31	3
5375	31	3
5376	31	3
5377	31	3
5378	31	3
5379	31	3
5380	31	3
5381	31	3
5382	31	3
5383	31	3
5384	31	3
5385	31	3
5386	31	3
5387	31	3
5388	31	3
5389	31	3
5390	31	3
5391	31	3
5392	31	3
5393	31	3
5394	31	3
5395	31	3
5396	31	3
5397	31	3
5398	31	3
5399	31	3
5400	31	3
5401	31	3
5402	31	3
5403	31	3
5404	31	3
5405	31	3
5406	31	3
5407	31	3
5408	31	3
5409	31	3
5410	31	3
5411	31	3
5412	31	3
5413	31	3
5414	31	3
5415	31	3
5416	31	3
5417	31	3
5418	31	3
5419	31	3
5420	31	3
5421	31	3
5422	31	3
5423	31	3
5424	32	3
5425	32	3
5426	32	3
5427	32	3
5428	32	3
5429	32	3
5430	32	3
5431	32	3
5432	32	3
5433	32	3
5434	32	3
5435	32	3
5436	32	3
5437	32	3
5438	32	3
5439	32	3
5440	32	3
5441	32	3
5442	32	3
5443	32	3
5444	32	3
5445	32	3
5446	32	3
5447	32	3
5448	32	3
5449	32	3
5450	32	3
5451	32	3
5452	32	3
5453	32	3
5454	32	3
5455	32	3
5456	32	3
5457	32	3
5458	32	3
5459	32	3
5460	32	3
5461	32	3
5462	32	3
5463	32	3
5464	32	3
5465	32	3
5466	32	3
5467	32	3
5468	32	3
5469	32	3
5470	32	3
5471	32	3
5472	32	3
5473	32	3
5474	32	3
5475	32	3
5476	32	3
5477	32	3
5478	32	3
5479	32	3
5480	32	3
5481	32	3
5482	32	3
5483	32	3
5484	32	3
5485	32	3
5486	32	3
5487	32	3
5488	32	3
5489	32	3
5490	32	3
5491	32	3
5492	32	3
5493	32	3
5494	32	3
5495	32	3
5496	32	3
5497	32	3
5498	32	3
5499	32	3
5500	32	3
5501	32	3
5502	32	3
5503	32	3
5504	32	3
5505	32	3
5506	32	3
5507	32	3
5508	32	3
5509	32	3
5510	32	3
5511	32	3
5512	32	3
5513	32	3
5514	32	3
5515	32	3
5516	32	3
5517	32	3
5518	32	3
5519	32	3
5520	32	3
5521	32	3
5522	32	3
5523	32	3
5524	32	3
5525	32	3
5526	32	3
5527	32	3
5528	32	3
5529	32	3
5530	32	3
5531	32	3
5532	32	3
5533	32	3
5534	32	3
5535	32	3
5536	32	3
5537	32	3
5538	32	3
5539	32	3
5540	32	3
5541	32	3
5542	32	3
5543	32	3
5544	32	3
5545	32	3
5546	32	3
5547	32	3
5548	32	3
5549	32	3
5550	32	3
5551	32	3
5552	32	3
5553	32	3
5554	32	3
5555	32	3
5556	32	3
5557	32	3
5558	32	3
5559	32	3
5560	32	3
5561	32	3
5562	32	3
5563	32	3
5564	32	3
5565	32	3
5566	32	3
5567	32	3
5568	32	3
5569	32	3
5570	32	3
5571	32	3
5572	32	3
5573	32	3
5574	32	3
5575	32	3
5576	32	3
5577	32	3
5578	32	3
5579	32	3
5580	32	3
5581	32	3
5582	32	3
5583	32	3
5584	32	3
5585	32	3
5586	32	3
5587	32	3
5588	32	3
5589	32	3
5590	32	3
5591	32	3
5592	32	3
5593	32	3
5594	32	3
5595	32	3
5596	32	3
5597	32	3
5598	32	3
5599	32	3
5600	32	3
5601	32	3
5602	32	3
5603	32	3
5604	32	3
5605	32	3
5606	32	3
5607	32	3
5608	32	3
5609	32	3
5610	32	3
5611	32	3
5612	32	3
5613	32	3
5614	32	3
5615	32	3
5616	32	3
5617	32	3
5618	32	3
5619	32	3
5620	32	3
5621	32	3
5622	32	3
5623	32	3
5624	32	3
5625	32	3
5626	32	3
5627	32	3
5628	32	3
5629	32	3
5630	32	3
5631	32	3
5632	32	3
5633	32	3
5634	32	3
5635	32	3
5636	32	3
5637	32	3
5638	32	3
5639	32	3
5640	32	3
5641	32	3
5642	32	3
5643	32	3
5644	32	3
5645	32	3
5646	32	3
5647	32	3
5648	32	3
5649	32	3
5650	32	3
5651	32	3
5652	32	3
5653	32	3
5654	32	3
5655	32	3
5656	32	3
5657	32	3
5658	32	3
5659	32	3
5660	32	4
5661	32	4
5662	32	4
5663	32	4
5664	32	4
5665	32	4
5666	32	4
5667	32	4
5668	32	4
5669	32	4
5670	32	4
5671	32	4
5672	32	4
5673	32	4
5674	32	4
5675	32	4
5676	32	4
5677	32	4
5678	32	4
5679	32	4
5680	32	4
5681	32	4
5682	32	4
5683	32	4
5684	32	4
5685	32	4
5686	32	4
5687	32	4
5688	32	4
5689	32	4
5690	32	4
5691	32	4
5692	32	4
5693	32	4
5694	32	4
5695	32	4
5696	32	4
5697	32	4
5698	32	4
5699	32	4
5700	32	4
5701	32	4
5702	32	4
5703	32	4
5704	32	4
5705	32	4
5706	32	4
5707	32	4
5708	32	4
5709	32	4
5710	32	4
5711	32	4
5712	32	4
5713	32	4
5714	32	4
5715	32	4
5716	32	4
5717	32	4
5718	32	4
5719	32	4
5720	32	4
5721	32	4
5722	32	4
5723	32	4
5724	32	4
5725	32	4
5726	32	4
5727	32	4
5728	32	4
5729	32	4
5730	32	4
5731	32	4
5732	32	4
5733	32	4
5734	32	4
5735	32	4
5736	32	4
5737	32	4
5738	32	4
5739	32	4
5740	32	4
5741	32	4
5742	32	4
5743	32	4
5744	32	4
5745	32	4
5746	32	4
5747	32	4
5748	32	4
5749	32	4
5750	32	4
5751	32	4
5752	32	4
5753	32	4
5754	32	4
5755	32	4
5756	32	4
5757	32	4
5758	32	4
5759	32	4
5760	32	4
5761	32	4
5762	32	4
5763	32	4
5764	32	4
5765	32	4
5766	32	4
5767	32	4
5768	32	4
5769	32	4
5770	32	4
5771	32	4
5772	32	4
5773	32	4
5774	32	4
5775	32	4
5776	32	4
5777	32	4
5778	32	4
5779	32	4
5780	32	4
5781	32	4
5782	32	4
5783	32	4
5784	32	4
5785	32	4
5786	32	4
5787	32	4
5788	32	4
5789	32	4
5790	32	4
5791	32	4
5792	32	4
5793	32	4
5794	32	4
5795	32	4
5796	32	4
5797	32	4
5798	32	4
5799	32	4
5800	32	4
5801	32	4
5802	32	4
5803	32	4
5804	32	4
5805	32	4
5806	32	4
5807	32	4
5808	32	4
5809	32	4
5810	32	4
5811	32	4
5812	32	4
5813	32	4
5814	32	4
5815	32	4
5816	32	4
5817	32	4
5818	32	4
5819	32	4
5820	32	4
5821	32	4
5822	32	4
5823	32	4
5824	32	4
5825	32	4
5826	32	4
5827	32	4
5828	32	4
5829	32	4
5830	32	4
5831	32	4
5832	32	4
5833	32	4
5834	32	4
5835	32	4
5836	32	4
5837	32	4
5838	32	4
5839	32	4
5840	32	4
5841	32	4
5842	32	4
5843	32	4
5844	32	4
5845	32	4
5846	32	4
5847	32	4
5848	32	4
5849	32	4
5850	32	4
5851	32	4
5852	32	4
5853	32	4
5854	32	4
5855	32	4
5856	32	4
5857	32	4
5858	32	4
5859	32	4
5860	32	4
5861	32	4
5862	32	4
5863	32	4
5864	32	4
5865	32	4
5866	32	4
5867	32	4
5868	32	4
5869	32	4
5870	32	4
5871	32	4
5872	32	4
5873	32	4
5874	32	4
5875	32	4
5876	32	4
5877	32	4
5878	32	4
5879	32	4
5880	32	4
5881	32	4
5882	32	4
5883	32	4
5884	32	4
5885	32	4
5886	32	4
5887	32	4
5888	32	4
5889	32	4
5890	32	4
5891	32	4
5892	32	4
5893	32	4
5894	32	4
5895	32	4
5896	32	4
5897	32	4
5898	32	4
5899	32	4
5900	32	4
5901	32	4
5902	32	4
5903	32	4
5904	32	4
5905	32	4
5906	32	4
5907	32	4
5908	32	4
5909	32	4
5910	32	4
5911	32	4
5912	32	4
5913	32	4
5914	32	4
5915	32	4
5916	32	4
5917	32	4
5918	32	4
5919	32	4
5920	32	4
5921	32	4
5922	32	4
5923	32	4
5924	32	4
5925	32	4
5926	32	4
5927	32	4
5928	32	4
5929	32	4
5930	32	4
5931	32	4
5932	32	4
5933	32	4
5934	32	4
5935	32	4
5936	32	4
5937	32	4
5938	32	4
5939	32	4
5940	32	4
5941	32	4
5942	32	4
5943	32	4
5944	32	4
5945	32	4
5946	32	4
5947	32	4
5948	32	4
5949	32	4
5950	32	4
5951	32	4
5952	32	4
5953	32	4
5954	32	4
5955	32	4
5956	32	4
5957	32	4
5958	32	4
5959	32	4
5960	32	4
5961	32	4
5962	32	4
5963	32	4
5964	32	4
5965	32	4
5966	32	4
5967	32	4
5968	32	4
5969	32	4
5970	32	4
5971	32	4
5972	32	4
5973	32	4
5974	32	4
5975	32	4
5976	32	4
5977	32	4
5978	32	4
5979	32	4
5980	32	4
5981	32	4
5982	32	4
5983	32	4
5984	32	4
5985	32	4
5986	32	4
5987	32	4
5988	32	4
5989	32	4
5990	32	4
5991	32	4
5992	32	4
5993	32	4
5994	32	4
5995	32	4
5996	32	4
5997	32	4
5998	32	4
5999	32	4
6000	32	4
6001	32	4
6002	32	4
6003	32	4
6004	32	4
6005	32	4
6006	32	4
6007	32	4
6008	32	4
6009	32	4
6010	32	4
6011	32	4
6012	32	4
6013	32	4
6014	32	4
6015	32	4
6016	32	4
6017	32	4
6018	32	4
6019	32	4
6020	32	4
6021	32	4
6022	32	4
6023	32	4
6024	32	4
6025	32	4
6026	32	4
6027	32	4
6028	32	4
6029	32	4
6030	32	4
6031	32	4
6032	32	4
6033	32	4
6034	32	4
6035	32	4
6036	32	4
6037	32	4
6038	32	4
6039	32	4
6040	32	4
6041	32	4
6042	32	4
6043	32	4
6044	32	4
6045	32	4
6046	32	4
6047	32	4
6048	32	4
6049	32	4
6050	32	4
6051	32	4
6052	32	4
6053	32	4
6054	32	4
6055	32	4
6056	32	4
6057	32	4
6058	32	4
6059	32	4
6060	32	4
6061	32	4
6062	32	4
6063	32	4
6064	32	4
6065	32	4
6066	32	4
6067	32	4
6068	32	4
6069	32	4
6070	32	4
6071	32	4
6072	32	4
6073	32	4
6074	32	4
6075	32	4
6076	32	4
6077	32	4
6078	32	4
6079	32	4
6080	32	4
6081	32	4
6082	32	4
6083	32	4
6084	32	4
6085	32	4
6086	32	4
6087	32	4
6088	32	4
6089	32	4
6090	32	4
6091	32	4
6092	32	4
6093	32	4
6094	32	4
6095	32	4
6096	32	4
6097	32	4
6098	32	4
6099	32	4
6100	32	4
6101	32	4
6102	32	4
6103	32	4
6104	32	4
6105	32	4
6106	32	4
6107	32	4
6108	32	4
6109	32	4
6110	32	4
6111	32	4
6112	32	4
6113	32	4
6114	32	4
6115	32	4
6116	32	4
6117	32	4
6118	32	4
6119	32	4
6120	32	4
6121	32	4
6122	32	4
6123	32	4
6124	32	4
6125	32	4
6126	32	4
6127	32	4
6128	32	4
6129	32	4
6130	32	4
6131	32	4
6132	32	4
6133	32	4
6134	32	4
6135	32	4
6136	32	4
6137	32	4
6138	32	4
6139	32	4
6140	32	4
6141	32	4
6142	32	4
6143	32	4
6144	32	4
6145	32	4
6146	32	4
6147	32	4
6148	32	4
6149	32	4
6150	32	5
6151	32	5
6152	32	5
6153	32	5
6154	32	5
6155	32	5
6156	32	5
6157	32	5
6158	32	5
6159	32	5
6160	32	5
6161	32	5
6162	32	5
6163	32	5
6164	32	5
6165	32	5
6166	32	5
6167	32	5
6168	32	5
6169	32	5
6170	32	5
6171	32	5
6172	32	5
6173	32	5
6174	32	5
6175	32	5
6176	32	5
6177	32	5
6178	32	5
6179	32	5
6180	32	5
6181	32	5
6182	32	5
6183	32	5
6184	32	5
6185	32	5
6186	32	5
6187	32	5
6188	32	5
6189	32	5
6190	32	5
6191	32	5
6192	32	5
6193	32	5
6194	33	5
6195	33	5
6196	33	5
6197	33	5
6198	33	5
6199	33	5
6200	33	5
6201	33	5
6202	33	5
6203	33	5
6204	33	5
6205	33	5
6206	33	5
6207	33	5
6208	33	5
6209	33	5
6210	33	5
6211	33	5
6212	33	5
6213	33	5
6214	33	5
6215	33	5
6216	33	5
6217	33	5
6218	33	5
6219	33	5
6220	33	5
6221	33	5
6222	33	5
6223	33	5
6224	33	5
6225	33	5
6226	33	5
6227	33	5
6228	33	5
6229	33	5
6230	33	5
6231	33	5
6232	33	5
6233	33	5
6234	33	5
6235	33	5
6236	33	5
6237	33	5
6238	33	5
6239	33	5
6240	33	5
6241	33	5
6242	33	5
6243	33	5
6244	33	5
6245	33	5
6246	33	5
6247	33	5
6248	33	5
6249	33	5
6250	33	5
6251	33	5
6252	33	5
6253	33	5
6254	33	5
6255	33	5
6256	33	5
6257	33	5
6258	33	5
6259	33	5
6260	33	5
6261	33	5
6262	33	5
6263	33	5
6264	33	5
6265	33	5
6266	33	5
6267	33	5
6268	33	5
6269	33	5
6270	33	5
6271	33	5
6272	33	5
6273	33	5
6274	33	5
6275	33	5
6276	33	5
6277	33	5
6278	33	5
6279	33	5
6280	33	5
6281	33	5
6282	33	5
6283	33	5
6284	33	5
6285	33	6
6286	33	6
6287	33	6
6288	33	6
6289	33	6
6290	33	6
6291	33	6
6292	33	6
6293	33	6
6294	33	6
6295	33	6
6296	33	6
6297	33	6
6298	33	6
6299	33	6
6300	33	6
6301	33	6
6302	33	6
6303	33	6
6304	33	6
6305	33	6
6306	33	6
6307	33	6
6308	33	6
6309	33	6
6310	33	6
6311	33	6
6312	33	6
6313	33	6
6314	33	6
6315	33	6
6316	33	6
6317	33	6
6318	33	6
6319	34	6
6320	34	6
6321	34	6
6322	34	6
6323	34	6
6324	34	6
6325	34	6
6326	34	6
6327	34	6
6328	34	6
6329	34	6
6330	34	6
6331	34	6
6332	34	6
6333	34	6
6334	34	6
6335	34	5
6336	34	5
6337	34	5
6338	34	5
6339	34	5
6340	34	5
6341	34	5
6342	34	5
6343	34	5
6344	34	5
6345	34	5
6346	34	5
6347	34	5
6348	34	5
6349	34	5
6350	34	5
6351	34	5
6352	34	5
6353	34	5
6354	34	5
6355	34	5
6356	34	5
6357	34	5
6358	34	5
6359	34	5
6360	34	5
6361	34	5
6362	34	5
6363	34	5
6364	34	5
6365	34	5
6366	34	6
6367	34	6
6368	34	6
6369	34	6
6370	34	6
6371	34	6
6372	34	6
6373	34	6
6374	34	6
6375	34	6
6376	34	6
6377	34	6
6378	34	6
6379	34	6
6380	34	6
6381	34	6
6382	34	6
6383	34	6
6384	34	6
6385	35	6
6386	35	6
6387	35	6
6388	35	6
6389	35	6
6390	35	6
6391	35	6
6392	35	6
6393	35	6
6394	35	6
6395	35	6
6396	35	6
6397	35	6
6398	35	6
6399	35	6
6400	35	6
6401	35	6
6402	35	6
6403	35	6
6404	35	6
6405	35	6
6406	35	6
6407	35	6
6408	35	6
6409	35	6
6410	35	6
6411	35	6
6412	35	6
6413	35	6
6414	35	6
6415	35	6
6416	35	6
6417	35	6
6418	35	6
6419	35	6
6420	35	6
6421	35	6
6422	35	6
6423	35	6
6424	35	6
6425	35	6
6426	35	6
6427	35	6
6428	35	6
6429	35	6
6430	35	6
6431	35	6
6432	35	6
6433	35	6
6434	35	6
6435	35	6
6436	35	6
6437	35	6
6438	35	6
6439	35	6
6440	35	6
6441	35	6
6442	35	6
6443	35	6
6444	35	6
6445	35	6
6446	35	6
6447	35	6
6448	35	6
6449	35	6
6450	35	6
6451	35	6
6452	35	6
6453	35	6
6454	35	6
6455	35	6
6456	35	6
6457	35	6
6458	35	6
6459	35	6
6460	35	6
6461	35	6
6462	35	5
6463	35	5
6464	35	5
6465	35	5
6466	35	5
6467	35	5
6468	35	5
6469	35	5
6470	35	5
6471	35	5
6472	35	5
6473	35	5
6474	35	5
6475	35	5
6476	35	5
6477	35	5
6478	35	5
6479	35	5
6480	35	5
6481	35	5
6482	35	5
6483	35	5
6484	35	5
6485	35	5
6486	35	5
6487	35	5
6488	35	5
6489	35	5
6490	35	5
6491	35	5
6492	35	5
6493	35	5
6494	35	5
6495	35	5
6496	35	5
6497	35	5
6498	35	5
6499	35	5
6500	35	5
6501	35	5
6502	35	5
6503	35	5
6504	35	5
6505	35	5
6506	35	5
6507	35	5
6508	35	5
6509	35	5
6510	35	5
6511	35	5
6512	35	5
6513	35	5
6514	35	5
6515	35	5
6516	35	5
6517	35	5
6518	35	5
6519	35	5
6520	35	5
6521	35	5
6522	35	5
6523	35	5
6524	35	5
6525	35	5
6526	35	5
6527	35	5
6528	35	5
6529	35	5
6530	35	5
6531	35	5
6532	35	5
6533	35	5
6534	35	5
6535	35	5
6536	35	5
6537	35	5
6538	35	5
6539	35	5
6540	35	5
6541	35	5
6542	35	5
6543	35	5
6544	35	5
6545	35	5
6546	35	5
6547	35	5
6548	35	5
6549	35	5
6550	35	5
6551	35	5
6552	35	5
6553	35	5
6554	35	5
6555	35	5
6556	35	5
6557	35	5
6558	35	5
6559	35	5
6560	35	5
6561	35	5
6562	35	5
6563	35	5
6564	35	5
6565	35	5
6566	35	5
6567	35	5
6568	35	5
6569	35	5
6570	35	5
6571	35	5
6572	35	5
6573	35	5
6574	35	5
6575	35	5
6576	35	5
6577	35	5
6578	35	5
6579	35	5
6580	35	5
6581	35	5
6582	35	5
6583	35	6
6584	35	6
6585	35	6
6586	35	6
6587	35	6
6588	35	6
6589	35	6
6590	35	6
6591	35	6
6592	35	6
6593	35	6
6594	35	6
6595	35	6
6596	35	6
6597	35	6
6598	35	6
6599	35	6
6600	35	6
6601	35	6
6602	35	6
6603	35	6
6604	35	6
6605	35	6
6606	35	6
6607	35	6
6608	35	6
6609	35	6
6610	35	6
6611	35	6
6612	35	6
6613	35	6
6614	35	6
6615	35	6
6616	35	6
6617	35	6
6618	35	6
6619	35	6
6620	35	6
6621	35	6
6622	35	6
6623	35	6
6624	35	6
6625	35	6
6626	35	6
6627	35	6
6628	35	6
6629	35	6
6630	35	6
6631	35	6
6632	35	6
6633	35	6
6634	35	6
6635	35	6
6636	35	6
6637	35	6
6638	35	6
6639	35	6
6640	35	6
6641	35	6
6642	35	6
6643	35	6
6644	35	6
6645	35	6
6646	35	6
6647	35	6
6648	35	6
6649	35	6
6650	35	6
6651	35	6
6652	35	6
6653	35	6
6654	35	6
6655	35	6
6656	35	6
6657	35	6
6658	35	6
6659	35	6
6660	35	6
6661	35	6
6662	35	6
6663	35	6
6664	35	6
6665	35	6
6666	35	6
6667	35	6
6668	35	6
6669	35	6
6670	35	6
6671	35	6
6672	35	6
6673	35	6
6674	35	6
6675	35	6
6676	35	6
6677	35	6
6678	35	6
6679	35	6
6680	35	6
6681	35	6
6682	35	6
6683	35	6
6684	35	6
6685	35	6
6686	35	6
6687	35	6
6688	35	6
6689	35	6
6690	35	6
6691	35	6
6692	35	6
6693	35	6
6694	35	6
6695	35	6
6696	35	6
6697	35	6
6698	35	6
6699	35	6
6700	35	6
6701	35	6
6702	35	6
6703	35	6
6704	35	5
6705	35	5
6706	35	5
6707	35	5
6708	35	5
6709	35	5
6710	35	5
6711	35	5
6712	35	5
6713	35	5
6714	35	5
6715	35	5
6716	35	5
6717	35	5
6718	35	5
6719	35	5
6720	35	5
6721	35	5
6722	35	5
6723	35	5
6724	35	5
6725	35	5
6726	35	5
6727	35	5
6728	35	5
6729	35	5
6730	35	5
6731	35	5
6732	35	5
6733	35	5
6734	35	5
6735	35	5
6736	35	5
6737	35	5
6738	35	5
6739	35	5
6740	35	5
6741	35	5
6742	35	5
6743	35	5
6744	35	5
6745	35	5
6746	35	5
6747	35	5
6748	35	5
6749	35	5
6750	35	5
6751	35	5
6752	35	5
6753	35	5
6754	35	5
6755	35	5
6756	35	5
6757	35	5
6758	35	5
6759	35	5
6760	35	5
6761	35	5
6762	35	5
6763	35	5
6764	35	5
6765	35	5
6766	35	5
6767	35	5
6768	35	5
6769	35	5
6770	35	5
6771	35	5
6772	35	5
6773	35	5
6774	35	5
6775	35	5
6776	35	5
6777	35	5
6778	35	5
6779	35	5
6780	35	5
6781	35	5
6782	35	5
6783	35	5
6784	35	5
6785	35	5
6786	35	5
6787	35	5
6788	35	5
6789	35	5
6790	35	5
6791	35	5
6792	35	5
6793	35	5
6794	35	5
6795	35	5
6796	35	5
6797	35	5
6798	35	5
6799	35	5
6800	35	5
6801	35	5
6802	35	5
6803	35	5
6804	35	5
6805	35	5
6806	35	5
6807	35	5
6808	35	5
6809	35	5
6810	35	5
6811	35	5
6812	35	5
6813	35	5
6814	35	5
6815	35	5
6816	35	5
6817	35	5
6818	35	5
6819	35	5
6820	35	5
6821	35	5
6822	35	5
6823	35	5
6824	35	5
6825	35	5
6826	35	5
6827	35	5
6828	35	5
6829	35	5
6830	35	5
6831	35	5
6832	35	5
6833	35	5
6834	35	5
6835	35	5
6836	35	5
6837	35	5
6838	35	5
6839	35	5
6840	35	5
6841	35	5
6842	35	5
6843	35	5
6844	35	5
6845	35	5
6846	35	5
6847	35	5
6848	35	5
6849	35	5
6850	35	5
6851	35	5
6852	35	5
6853	35	5
6854	35	5
6855	35	5
6856	35	5
6857	35	5
6858	35	5
6859	35	5
6860	35	5
6861	35	5
6862	35	5
6863	35	5
6864	35	5
6865	35	5
6866	35	5
6867	35	5
6868	35	5
6869	35	5
6870	35	5
6871	35	5
6872	35	5
6873	35	5
6874	35	5
6875	35	5
6876	35	5
6877	35	5
6878	35	5
6879	35	5
6880	35	5
6881	35	5
6882	35	5
6883	35	5
6884	35	5
6885	35	5
6886	35	5
6887	35	5
6888	35	5
6889	35	5
6890	35	5
6891	35	5
6892	35	5
6893	35	5
6894	35	5
6895	35	5
6896	35	5
6897	35	5
6898	35	5
6899	35	5
6900	35	5
6901	35	5
6902	35	5
6903	35	5
6904	35	5
6905	35	5
6906	35	5
6907	35	5
6908	35	5
6909	35	5
6910	35	5
6911	35	5
6912	35	5
6913	35	5
6914	35	5
6915	35	5
6916	35	5
6917	35	5
6918	35	5
6919	35	5
6920	35	5
6921	35	5
6922	35	5
6923	35	5
6924	35	5
6925	35	5
6926	35	5
6927	35	5
6928	35	5
6929	35	5
6930	35	5
6931	35	5
6932	35	5
6933	35	5
6934	35	5
6935	35	5
6936	35	5
6937	35	5
6938	35	5
6939	35	5
6940	35	5
6941	35	5
6942	35	5
6943	35	5
6944	35	5
6945	35	5
6946	35	5
6947	35	5
6948	35	5
6949	35	5
6950	35	5
6951	35	5
6952	35	5
6953	35	5
6954	35	5
6955	35	5
6956	35	5
6957	35	5
6958	35	5
6959	35	5
6960	35	5
6961	35	5
6962	35	5
6963	35	5
6964	35	5
6965	35	5
6966	35	5
6967	35	5
6968	35	5
6969	35	5
6970	35	5
6971	35	5
6972	35	5
6973	35	5
6974	35	5
6975	35	5
6976	35	5
6977	35	5
6978	35	5
6979	35	5
6980	35	5
6981	35	5
6982	35	5
6983	35	5
6984	35	5
6985	35	5
6986	35	5
6987	35	5
6988	35	5
6989	35	5
6990	35	5
6991	35	5
6992	35	5
6993	35	5
6994	35	5
6995	35	5
6996	35	5
6997	35	5
6998	35	5
6999	35	5
7000	35	5
7001	35	5
7002	35	5
7003	35	5
7004	35	5
7005	35	5
7006	35	5
7007	35	5
7008	35	5
7009	35	5
7010	35	5
7011	35	5
7012	35	5
7013	35	5
7014	35	5
7015	35	5
7016	35	5
7017	35	5
7018	35	5
7019	35	5
7020	35	5
7021	35	5
7022	35	5
7023	35	5
7024	35	5
7025	35	5
7026	35	5
7027	35	5
7028	35	5
7029	35	5
7030	35	5
7031	35	5
7032	35	5
7033	35	5
7034	35	5
7035	35	5
7036	35	5
7037	35	5
7038	35	5
7039	35	5
7040	35	5
7041	35	5
7042	35	5
7043	35	5
7044	35	5
7045	35	5
7046	35	5
7047	35	5
7048	35	5
7049	35	5
7050	35	5
7051	35	5
7052	35	5
7053	35	5
7054	35	5
7055	35	5
7056	35	5
7057	35	5
7058	35	5
7059	35	5
7060	35	5
7061	35	5
7062	35	5
7063	35	5
7064	35	6
7065	35	6
7066	35	6
7067	35	6
7068	35	6
7069	35	6
7070	35	6
7071	35	6
7072	35	6
7073	35	6
7074	35	6
7075	35	6
7076	35	6
7077	35	6
7078	35	6
7079	35	6
7080	35	6
7081	35	6
7082	35	6
7083	35	6
7084	35	6
7085	35	6
7086	35	6
7087	35	6
7088	35	6
7089	35	6
7090	35	6
7091	35	6
7092	35	6
7093	35	6
7094	35	6
7095	35	6
7096	35	6
7097	35	6
7098	35	6
7099	35	6
7100	35	6
7101	35	6
7102	35	6
7103	35	6
7104	35	6
7105	35	6
7106	35	6
7107	35	6
7108	35	6
7109	35	6
7110	35	6
7111	35	6
7112	35	6
7113	35	6
7114	35	6
7115	35	6
7116	35	6
7117	35	6
7118	35	6
7119	35	6
7120	35	6
7121	35	6
7122	35	6
7123	35	6
7124	35	6
7125	35	5
7126	35	5
7127	35	5
7128	35	5
7129	35	5
7130	35	5
7131	35	5
7132	35	5
7133	35	5
7134	35	5
7135	35	5
7136	35	5
7137	35	5
7138	35	5
7139	35	5
7140	35	5
7141	35	5
7142	35	5
7143	35	5
7144	35	5
7145	35	5
7146	35	5
7147	35	5
7148	35	5
7149	35	5
7150	35	5
7151	35	5
7152	35	5
7153	35	5
7154	35	5
7155	35	5
7156	35	5
7157	35	5
7158	35	5
7159	35	5
7160	35	5
7161	35	5
7162	35	5
7163	35	5
7164	35	5
7165	35	5
7166	35	5
7167	35	5
7168	35	5
7169	35	5
7170	35	5
7171	35	5
7172	35	5
7173	35	5
7174	35	5
7175	35	5
7176	35	5
7177	35	5
7178	35	5
7179	35	5
7180	35	5
7181	35	5
7182	35	5
7183	35	5
7184	35	5
7185	35	5
7186	35	5
7187	35	5
7188	35	5
7189	35	5
7190	35	5
7191	35	5
7192	35	5
7193	35	5
7194	35	5
7195	35	5
7196	35	5
7197	35	5
7198	35	5
7199	35	5
7200	35	5
7201	35	5
7202	35	5
7203	35	5
7204	35	5
7205	35	5
7206	35	5
7207	35	5
7208	35	5
7209	35	5
7210	35	5
7211	35	5
7212	35	5
7213	35	5
7214	35	5
7215	35	5
7216	35	5
7217	35	5
7218	35	5
7219	35	5
7220	35	5
7221	35	5
7222	35	5
7223	35	5
7224	35	5
7225	35	5
7226	35	5
7227	35	5
7228	35	5
7229	35	5
7230	35	5
7231	35	5
7232	35	5
7233	35	5
7234	35	5
7235	35	5
7236	35	5
7237	35	5
7238	35	5
7239	35	5
7240	35	5
7241	35	5
7242	35	5
7243	35	5
7244	35	5
7245	35	5
7246	35	5
7247	35	5
7248	35	5
7249	35	5
7250	35	5
7251	35	5
7252	35	5
7253	35	5
7254	35	5
7255	35	5
7256	35	5
7257	35	5
7258	35	5
7259	35	5
7260	35	5
7261	35	5
7262	35	5
7263	35	5
7264	35	5
7265	35	5
7266	35	5
7267	35	5
7268	35	5
7269	35	5
7270	35	5
7271	35	5
7272	35	5
7273	35	5
7274	35	5
7275	35	5
7276	35	5
7277	35	5
7278	35	5
7279	35	5
7280	35	5
7281	35	5
7282	35	5
7283	35	5
7284	35	5
7285	35	5
7286	35	5
7287	35	5
7288	35	5
7289	35	5
7290	35	5
7291	35	5
7292	35	5
7293	35	5
7294	35	5
7295	35	5
7296	35	5
7297	35	5
7298	35	5
7299	35	5
7300	35	5
7301	35	5
7302	35	5
7303	35	5
7304	35	5
7305	35	5
7306	35	5
7307	35	5
7308	35	5
7309	35	5
7310	35	5
7311	35	5
7312	35	5
7313	35	5
7314	35	5
7315	35	5
7316	35	5
7317	35	5
7318	35	5
7319	35	5
7320	35	5
7321	35	5
7322	35	5
7323	35	5
7324	35	5
7325	35	5
7326	35	5
7327	35	5
7328	35	5
7329	35	5
7330	35	5
7331	35	5
7332	35	5
7333	35	5
7334	35	5
7335	35	5
7336	35	5
7337	35	5
7338	35	5
7339	35	5
7340	35	5
7341	35	5
7342	35	5
7343	35	5
7344	35	5
7345	35	5
7346	35	5
7347	35	5
7348	35	5
7349	35	5
7350	35	5
7351	35	5
7352	35	5
7353	35	5
7354	35	5
7355	35	5
7356	35	5
7357	35	5
7358	35	5
7359	35	5
7360	35	5
7361	35	5
7362	35	5
7363	35	5
7364	35	5
7365	35	5
7366	35	5
7367	35	5
7368	35	5
7369	35	5
7370	35	5
7371	35	5
7372	35	5
7373	35	5
7374	35	5
7375	35	5
7376	35	5
7377	35	5
7378	35	5
7379	35	5
7380	35	5
7381	35	5
7382	35	5
7383	35	5
7384	35	5
7385	35	5
7386	35	5
7387	35	5
7388	35	5
7389	35	5
7390	35	5
7391	35	5
7392	35	5
7393	35	5
7394	35	5
7395	35	5
7396	35	5
7397	35	5
7398	35	5
7399	35	5
7400	35	5
7401	35	5
7402	35	5
7403	35	5
7404	35	5
7405	35	5
7406	35	5
7407	35	5
7408	35	5
7409	35	5
7410	35	5
7411	35	5
7412	35	5
7413	35	5
7414	35	5
7415	35	5
7416	35	5
7417	35	5
7418	35	5
7419	35	5
7420	35	5
7421	35	5
7422	35	5
7423	35	5
7424	35	5
7425	35	5
7426	35	5
7427	35	5
7428	35	5
7429	35	5
7430	35	5
7431	35	5
7432	35	5
7433	35	5
7434	35	5
7435	35	5
7436	35	5
7437	35	5
7438	35	5
7439	35	5
7440	35	5
7441	35	5
7442	35	5
7443	35	5
7444	35	5
7445	35	5
7446	35	5
7447	35	5
7448	35	5
7449	35	5
7450	35	5
7451	35	5
7452	35	5
7453	35	5
7454	35	5
7455	35	5
7456	35	5
7457	35	5
7458	35	5
7459	35	5
7460	35	5
7461	35	5
7462	35	5
7463	35	5
7464	35	5
7465	35	5
7466	35	5
7467	35	5
7468	35	5
7469	35	5
7470	35	5
7471	35	5
7472	35	5
7473	35	5
7474	35	5
7475	35	5
7476	35	5
7477	35	5
7478	35	5
7479	35	5
7480	35	5
7481	35	5
7482	35	5
7483	35	5
7484	35	5
7485	35	5
7486	35	5
7487	35	5
7488	35	5
7489	35	5
7490	35	5
7491	35	5
7492	35	5
7493	35	5
7494	35	5
7495	35	5
7496	35	5
7497	35	5
7498	35	5
7499	35	5
7500	35	5
7501	35	5
7502	35	5
7503	35	5
7504	35	5
7505	35	5
7506	35	5
7507	35	5
7508	35	5
7509	35	5
7510	35	5
7511	35	5
7512	35	5
7513	35	5
7514	35	5
7515	35	5
7516	35	5
7517	35	5
7518	35	5
7519	35	5
7520	35	5
7521	35	5
7522	35	5
7523	35	5
7524	35	5
7525	35	5
7526	35	5
7527	35	5
7528	35	5
7529	35	5
7530	35	5
7531	35	5
7532	35	5
7533	35	5
7534	35	5
7535	35	5
7536	35	5
7537	35	5
7538	35	5
7539	35	5
7540	35	5
7541	35	5
7542	35	5
7543	35	5
7544	35	5
7545	35	5
7546	35	5
7547	35	5
7548	35	5
7549	35	5
7550	35	5
7551	35	5
7552	35	5
7553	35	5
7554	35	5
7555	35	5
7556	35	5
7557	35	5
7558	35	5
7559	35	5
7560	35	5
7561	35	5
7562	35	5
7563	35	5
7564	35	5
7565	35	5
7566	35	5
7567	35	5
7568	35	5
7569	35	5
7570	35	5
7571	35	5
7572	35	5
7573	35	5
7574	35	5
7575	35	5
7576	35	5
7577	35	5
7578	35	5
7579	35	5
7580	35	5
7581	35	5
7582	35	5
7583	35	5
7584	35	5
7585	35	5
7586	35	5
7587	35	5
7588	35	5
7589	35	5
7590	35	5
7591	35	5
7592	35	5
7593	35	5
7594	35	5
7595	35	5
7596	35	5
7597	35	5
7598	35	5
7599	35	5
7600	35	5
7601	35	5
7602	35	5
7603	35	5
7604	35	5
7605	35	5
7606	35	5
7607	35	5
7608	35	5
7609	35	5
7610	35	5
7611	35	5
7612	35	5
7613	35	5
7614	35	5
7615	35	5
7616	35	5
7617	35	5
7618	35	5
7619	35	5
7620	35	5
7621	35	5
7622	35	5
7623	35	5
7624	35	5
7625	35	5
7626	35	5
7627	35	5
7628	35	5
7629	35	5
7630	35	5
7631	35	5
7632	35	5
7633	35	5
7634	35	5
7635	35	5
7636	35	5
7637	35	5
7638	35	5
7639	35	5
7640	35	5
7641	35	5
7642	35	5
7643	35	5
7644	35	5
7645	35	5
7646	35	5
7647	35	5
7648	35	5
7649	35	5
7650	35	5
7651	35	5
7652	35	5
7653	35	5
7654	35	5
7655	35	5
7656	35	5
7657	35	5
7658	35	5
7659	35	5
7660	35	5
7661	35	5
7662	35	5
7663	35	5
7664	35	5
7665	35	5
7666	35	5
7667	35	5
7668	35	5
7669	35	5
7670	35	5
7671	35	5
7672	35	5
7673	35	5
7674	35	5
7675	35	5
7676	35	5
7677	35	5
7678	35	5
7679	35	5
7680	35	5
7681	35	5
7682	35	5
7683	35	5
7684	35	5
7685	35	5
7686	35	5
7687	35	5
7688	35	5
7689	35	5
7690	35	5
7691	35	5
7692	35	5
7693	35	5
7694	35	5
7695	35	5
7696	35	5
7697	35	5
7698	35	5
7699	35	5
7700	35	5
7701	35	5
7702	35	5
7703	35	5
7704	35	5
7705	35	5
7706	35	5
7707	35	5
7708	35	5
7709	35	5
7710	35	5
7711	35	5
7712	35	5
7713	35	5
7714	35	5
7715	35	5
7716	35	5
7717	35	5
7718	35	5
7719	35	5
7720	35	5
7721	35	5
7722	35	5
7723	35	5
7724	35	5
7725	35	5
7726	35	5
7727	35	5
7728	35	5
7729	35	5
7730	35	5
7731	35	5
7732	35	5
7733	35	5
7734	35	5
7735	35	5
7736	35	5
7737	35	5
7738	35	5
7739	35	5
7740	35	5
7741	35	5
7742	35	5
7743	35	5
7744	35	5
7745	35	5
7746	35	5
7747	35	5
7748	35	5
7749	35	5
7750	35	5
7751	35	5
7752	35	5
7753	35	5
7754	35	5
7755	35	5
7756	35	5
7757	35	5
7758	35	5
7759	35	5
7760	35	5
7761	35	5
7762	35	5
7763	35	5
7764	35	5
7765	35	5
7766	35	5
7767	35	5
7768	35	5
7769	35	5
7770	35	5
7771	35	5
7772	35	5
7773	35	5
7774	35	5
7775	35	5
7776	35	5
7777	35	5
7778	35	5
7779	35	5
7780	35	5
7781	35	5
7782	35	5
7783	35	5
7784	35	5
7785	35	5
7786	35	5
7787	35	5
7788	35	5
7789	35	5
7790	35	5
7791	35	5
7792	35	5
7793	35	5
7794	35	5
7795	35	5
7796	35	5
7797	35	5
7798	35	5
7799	35	5
7800	35	5
7801	35	5
7802	35	5
7803	35	5
7804	35	5
7805	35	5
7806	35	5
7807	35	5
7808	35	5
7809	35	5
7810	35	5
7811	35	5
7812	35	5
7813	35	5
7814	35	5
7815	35	5
7816	35	5
7817	35	5
7818	35	5
7819	35	5
7820	35	5
7821	35	5
7822	35	5
7823	35	5
7824	35	5
7825	35	5
7826	35	5
7827	35	5
7828	35	5
7829	35	5
7830	35	5
7831	35	5
7832	35	5
7833	35	5
7834	35	5
7835	35	5
7836	35	5
7837	35	5
7838	35	5
7839	35	5
7840	35	5
7841	35	5
7842	35	5
7843	35	5
7844	35	5
7845	35	5
7846	35	5
7847	35	5
7848	35	5
7849	35	5
7850	35	5
7851	35	5
7852	35	5
7853	35	5
7854	35	5
7855	35	5
7856	35	5
7857	35	5
7858	35	5
7859	35	5
7860	35	5
7861	35	5
7862	35	5
7863	35	5
7864	35	5
7865	35	5
7866	35	5
7867	35	5
7868	35	5
7869	35	5
7870	35	5
7871	35	5
7872	35	5
7873	35	5
7874	35	5
7875	35	5
7876	35	5
7877	35	5
7878	35	5
7879	35	5
7880	35	5
7881	35	5
7882	35	5
7883	35	5
7884	35	5
7885	35	5
7886	35	5
7887	35	5
7888	35	5
7889	35	5
7890	35	5
7891	35	5
7892	35	5
7893	35	5
7894	35	5
7895	35	5
7896	35	5
7897	35	5
7898	35	5
7899	35	5
7900	35	5
7901	35	5
7902	35	5
7903	35	5
7904	35	5
7905	35	5
7906	35	5
7907	35	5
7908	35	5
7909	35	5
7910	35	5
7911	35	5
7912	35	5
7913	35	5
7914	35	5
7915	35	5
7916	35	5
7917	35	5
7918	35	5
7919	35	5
7920	35	5
7921	35	5
7922	35	5
7923	35	5
7924	35	5
7925	35	5
7926	35	5
7927	35	5
7928	35	5
7929	35	5
7930	35	5
7931	35	5
7932	35	5
7933	35	5
7934	35	5
7935	35	5
7936	35	5
7937	35	5
7938	35	5
7939	35	5
7940	35	5
7941	35	5
7942	35	5
7943	35	5
7944	35	5
7945	35	5
7946	35	5
7947	35	5
7948	35	5
7949	35	5
7950	35	5
7951	35	5
7952	35	5
7953	35	5
7954	35	5
7955	35	5
7956	35	5
7957	35	5
7958	35	5
7959	35	5
7960	35	5
7961	35	5
7962	35	5
7963	35	5
7964	35	5
7965	35	5
7966	35	5
7967	35	5
7968	35	5
7969	35	5
7970	35	5
7971	35	5
7972	35	5
7973	35	5
7974	35	5
7975	35	5
7976	35	5
7977	35	5
7978	35	5
7979	35	5
7980	35	5
7981	35	5
7982	35	5
7983	35	5
7984	35	5
7985	35	5
7986	35	5
7987	35	5
7988	35	5
7989	35	5
7990	35	5
7991	35	5
7992	35	5
7993	35	5
7994	35	5
7995	35	5
7996	35	5
7997	35	5
7998	35	5
7999	35	5
8000	35	5
8001	35	5
8002	35	5
8003	35	5
8004	35	5
8005	35	5
8006	35	5
8007	35	5
8008	35	5
8009	35	5
8010	35	5
8011	35	5
8012	35	5
8013	35	5
8014	35	5
8015	35	5
8016	35	5
8017	35	5
8018	35	5
8019	35	5
8020	35	5
8021	35	5
8022	35	5
8023	35	5
8024	35	5
8025	35	5
8026	35	5
8027	35	5
8028	35	5
8029	35	5
8030	35	5
8031	35	5
8032	35	5
8033	35	5
8034	35	5
8035	35	5
8036	35	5
8037	35	5
8038	35	5
8039	35	5
8040	35	5
8041	35	5
8042	35	5
8043	35	5
8044	35	5
8045	35	5
8046	35	5
8047	35	5
8048	35	5
8049	35	5
8050	35	5
8051	35	5
8052	35	5
8053	35	5
8054	35	5
8055	35	5
8056	35	5
8057	35	5
8058	35	5
8059	35	5
8060	35	5
8061	35	5
8062	35	5
8063	35	5
8064	35	5
8065	35	5
8066	35	5
8067	35	5
8068	35	5
8069	35	5
8070	35	5
8071	35	5
8072	35	5
8073	35	5
8074	35	5
8075	35	5
8076	35	5
8077	35	5
8078	35	5
8079	35	5
8080	35	5
8081	35	5
8082	35	5
8083	35	5
8084	35	5
8085	35	5
8086	35	5
8087	35	5
8088	35	5
8089	35	5
8090	35	5
8091	35	5
8092	35	5
8093	35	5
8094	35	5
8095	35	5
8096	35	5
8097	35	5
8098	35	5
8099	35	5
8100	35	5
8101	35	5
8102	35	5
8103	35	5
8104	35	5
8105	35	5
8106	35	5
8107	35	5
8108	35	5
8109	35	5
8110	35	5
8111	35	5
8112	35	5
8113	35	5
8114	35	5
8115	35	5
8116	35	5
8117	35	5
8118	35	5
8119	35	5
8120	35	5
8121	35	5
8122	35	5
8123	35	5
8124	35	5
8125	35	5
8126	35	5
8127	35	5
8128	35	5
8129	35	5
8130	35	5
8131	35	5
8132	35	5
8133	35	5
8134	35	5
8135	35	5
8136	35	5
8137	35	5
8138	35	5
8139	35	5
8140	35	5
8141	35	5
8142	35	5
8143	35	5
8144	35	5
8145	35	5
8146	35	5
8147	35	5
8148	35	5
8149	35	5
8150	35	5
8151	35	5
8152	35	5
8153	35	5
8154	35	5
8155	35	5
8156	35	5
8157	35	5
8158	35	5
8159	35	5
8160	35	5
8161	35	5
8162	35	5
8163	35	5
8164	35	5
8165	35	5
8166	35	5
8167	35	5
8168	35	5
8169	35	5
8170	35	5
8171	35	5
8172	35	5
8173	35	5
8174	35	5
8175	35	5
8176	35	5
8177	35	5
8178	35	5
8179	35	5
8180	35	5
8181	35	5
8182	35	6
