# Clock	In Chain	On Target
1	0	0
2	0	0
3	0	0
4	0	0
5	0	0
6	0	0
7	0	0
8	0	0
9	0	0
10	0	0
11	0	0
12	0	0
13	0	0
14	0	0
15	0	0
16	0	0
17	0	0
18	0	0
19	0	0
20	0	0
21	0	0
22	0	0
23	0	0
24	0	0
25	0	0
26	0	0
27	0	0
28	0	0
29	0	0
30	0	0
31	0	0
32	0	0
33	0	0
34	0	0
35	0	0
36	0	0
37	0	0
38	0	0
39	0	0
40	0	0
41	0	0
42	0	0
43	0	0
44	0	0
45	0	0
46	0	0
47	0	0
48	0	0
49	0	0
50	0	0
51	0	0
52	0	0
53	0	0
54	0	0
55	0	0
56	0	0
57	0	0
58	0	0
59	0	0
60	0	0
61	0	0
62	0	0
63	0	0
64	0	0
65	0	0
66	0	0
67	0	0
68	0	0
69	0	0
70	0	0
71	0	0
72	0	0
73	0	0
74	0	0
75	0	0
76	0	0
77	0	0
78	0	0
79	0	0
80	0	0
81	0	0
82	0	0
83	0	0
84	0	0
85	0	0
86	0	0
87	0	0
88	0	0
89	0	0
90	0	0
91	0	0
92	0	0
93	0	0
94	0	0
95	0	0
96	0	0
97	0	0
98	0	0
99	0	0
100	0	0
101	0	0
102	0	0
103	0	0
104	0	0
105	0	0
106	0	0
107	0	0
108	0	0
109	0	0
110	0	0
111	0	0
112	0	0
113	0	0
114	0	0
115	0	0
116	0	0
117	0	0
118	0	0
119	0	0
120	0	0
121	0	0
122	0	0
123	0	0
124	0	0
125	0	0
126	0	0
127	0	0
128	0	0
129	0	0
130	0	0
131	0	0
132	0	0
133	0	0
134	0	0
135	0	0
136	0	0
137	0	0
138	0	0
139	0	0
140	0	0
141	0	0
142	0	0
143	0	0
144	0	0
145	0	0
146	0	0
147	0	0
148	0	0
149	0	0
150	0	0
151	0	0
152	0	0
153	0	0
154	0	0
155	0	0
156	0	0
157	0	0
158	0	0
159	0	0
160	0	0
161	0	0
162	0	0
163	0	0
164	0	0
165	0	0
166	0	0
167	0	0
168	0	0
169	0	0
170	0	0
171	0	0
172	0	0
173	0	0
174	0	0
175	0	0
176	0	0
177	0	0
178	0	0
179	0	0
180	0	0
181	0	0
182	0	0
183	0	0
184	0	0
185	0	0
186	0	0
187	0	0
188	0	0
189	0	0
190	0	0
191	0	0
192	0	0
193	0	0
194	0	0
195	0	0
196	0	0
197	0	0
198	0	0
199	0	0
200	0	0
201	0	0
202	0	0
203	0	0
204	0	0
205	0	0
206	0	0
207	0	0
208	0	0
209	0	0
210	0	0
211	0	0
212	0	0
213	0	0
214	0	0
215	0	0
216	0	0
217	0	0
218	0	0
219	0	0
220	0	0
221	0	0
222	0	0
223	0	0
224	0	0
225	0	0
226	0	0
227	0	0
228	0	0
229	0	0
230	0	0
231	0	0
232	0	0
233	0	0
234	0	0
235	0	0
236	0	0
237	0	0
238	0	0
239	0	0
240	0	0
241	0	0
242	0	0
243	0	0
244	0	0
245	0	0
246	0	0
247	0	0
248	0	0
249	0	0
250	0	0
251	0	0
252	0	0
253	0	0
254	0	0
255	0	0
256	0	0
257	0	0
258	0	0
259	0	0
260	0	0
261	0	0
262	0	0
263	0	0
264	0	0
265	0	0
266	0	0
267	0	0
268	0	0
269	0	0
270	0	0
271	0	0
272	0	0
273	0	0
274	0	0
275	0	0
276	0	0
277	0	0
278	0	0
279	0	0
280	0	0
281	0	0
282	0	0
283	0	0
284	0	0
285	0	0
286	0	0
287	0	0
288	0	0
289	0	0
290	0	0
291	0	0
292	0	0
293	0	0
294	0	0
295	0	0
296	0	0
297	0	0
298	0	0
299	0	0
300	0	0
301	0	0
302	0	0
303	0	0
304	0	0
305	0	0
306	0	0
307	0	0
308	0	0
309	0	0
310	0	0
311	0	0
312	0	0
313	0	0
314	0	0
315	0	0
316	0	0
317	0	0
318	0	0
319	0	0
320	0	0
321	0	0
322	0	0
323	0	0
324	0	0
325	0	0
326	0	0
327	0	0
328	0	0
329	0	0
330	0	0
331	0	0
332	0	0
333	0	0
334	0	0
335	0	0
336	0	0
337	0	0
338	0	0
339	0	0
340	0	0
341	0	0
342	0	0
343	0	0
344	0	0
345	0	0
346	0	0
347	0	0
348	0	0
349	0	0
350	0	0
351	0	0
352	0	0
353	0	0
354	0	0
355	0	0
356	0	0
357	0	0
358	0	0
359	0	0
360	0	0
361	0	0
362	0	0
363	0	0
364	0	0
365	0	0
366	0	0
367	0	0
368	0	0
369	0	0
370	0	0
371	0	0
372	0	0
373	0	0
374	0	0
375	0	0
376	0	0
377	0	0
378	0	0
379	0	0
380	0	0
381	0	0
382	0	0
383	0	0
384	0	0
385	0	0
386	0	0
387	0	0
388	0	0
389	0	0
390	0	0
391	0	0
392	0	0
393	0	0
394	0	0
395	0	0
396	0	0
397	0	0
398	0	0
399	0	0
400	0	0
401	0	0
402	0	0
403	0	0
404	0	0
405	0	0
406	0	0
407	0	0
408	0	0
409	0	0
410	0	0
411	0	0
412	0	0
413	0	0
414	0	0
415	0	0
416	0	0
417	0	0
418	0	0
419	0	0
420	0	0
421	0	0
422	0	0
423	0	0
424	0	0
425	0	0
426	0	0
427	0	0
428	0	0
429	0	0
430	0	0
431	0	0
432	0	0
433	0	0
434	0	0
435	0	0
436	0	0
437	0	0
438	0	0
439	0	0
440	0	0
441	0	0
442	0	0
443	0	0
444	0	0
445	0	0
446	0	0
447	0	0
448	0	0
449	0	0
450	0	0
451	0	0
452	0	0
453	0	0
454	0	0
455	0	0
456	0	0
457	0	0
458	0	0
459	0	0
460	0	0
461	0	0
462	0	0
463	0	0
464	0	0
465	0	0
466	0	0
467	0	0
468	0	0
469	0	0
470	0	0
471	0	0
472	0	0
473	0	0
474	0	0
475	0	0
476	0	0
477	0	0
478	0	0
479	0	0
480	0	0
481	0	0
482	0	0
483	0	0
484	0	0
485	0	0
486	0	0
487	0	0
488	0	0
489	0	0
490	0	0
491	0	0
492	0	0
493	0	0
494	0	0
495	0	0
496	0	0
497	0	0
498	0	0
499	0	0
500	0	0
501	0	0
502	0	0
503	0	0
504	0	0
505	0	0
506	0	0
507	0	0
508	0	0
509	0	0
510	0	0
511	0	0
512	0	0
513	0	0
514	0	0
515	0	0
516	0	0
517	0	0
518	0	0
519	0	0
520	0	0
521	0	0
522	0	0
523	0	0
524	0	0
525	0	0
526	0	0
527	0	0
528	0	0
529	0	0
530	0	0
531	0	0
532	0	0
533	0	0
534	0	0
535	0	0
536	0	0
537	0	0
538	0	0
539	0	0
540	0	0
541	0	0
542	0	0
543	0	0
544	0	0
545	0	0
546	0	0
547	0	0
548	0	0
549	0	0
550	0	0
551	0	0
552	0	0
553	0	0
554	0	0
555	0	0
556	0	0
557	0	0
558	0	0
559	0	0
560	0	0
561	0	0
562	0	0
563	0	0
564	0	0
565	0	0
566	0	0
567	0	0
568	0	0
569	0	0
570	0	0
571	0	0
572	0	0
573	0	0
574	0	0
575	0	0
576	0	0
577	0	0
578	0	0
579	0	0
580	0	0
581	0	0
582	0	0
583	0	0
584	0	0
585	0	0
586	0	0
587	0	0
588	0	0
589	0	0
590	0	0
591	0	0
592	0	0
593	0	0
594	0	0
595	0	0
596	0	0
597	0	0
598	0	0
599	0	0
600	0	0
601	0	0
602	0	0
603	0	0
604	0	0
605	0	0
606	0	0
607	0	0
608	0	0
609	0	0
610	0	0
611	0	0
612	0	0
613	0	0
614	0	0
615	0	0
616	0	0
617	0	0
618	0	0
619	0	0
620	0	0
621	0	0
622	0	0
623	0	0
624	0	0
625	0	0
626	0	0
627	0	0
628	0	0
629	0	0
630	0	0
631	0	0
632	0	0
633	0	0
634	0	0
635	0	0
636	0	0
637	0	0
638	0	0
639	0	0
640	0	0
641	0	0
642	0	0
643	0	0
644	0	0
645	0	0
646	0	0
647	0	0
648	0	0
649	0	0
650	0	0
651	0	0
652	0	0
653	0	0
654	0	0
655	0	0
656	0	0
657	0	0
658	0	0
659	0	0
660	0	0
661	0	0
662	0	0
663	0	0
664	0	0
665	0	0
666	0	0
667	0	0
668	0	0
669	0	0
670	0	0
671	0	0
672	0	0
673	0	0
674	0	0
675	0	0
676	0	0
677	0	0
678	0	0
679	0	0
680	0	0
681	0	0
682	0	0
683	0	0
684	0	0
685	0	0
686	0	0
687	0	0
688	0	0
689	0	0
690	0	0
691	0	0
692	0	0
693	0	0
694	0	0
695	0	0
696	0	0
697	0	0
698	0	0
699	0	0
700	0	0
701	0	0
702	0	0
703	0	0
704	0	0
705	0	0
706	0	0
707	0	0
708	0	0
709	0	0
710	0	0
711	0	0
712	0	0
713	0	0
714	0	0
715	0	0
716	0	0
717	0	0
718	0	0
719	0	0
720	0	0
721	0	0
722	0	0
723	0	0
724	0	0
725	0	0
726	0	0
727	0	0
728	0	0
729	0	0
730	0	0
731	0	0
732	0	0
733	0	0
734	0	0
735	0	0
736	0	0
737	0	0
738	0	0
739	0	0
740	0	0
741	0	0
742	0	0
743	0	0
744	0	0
745	0	0
746	0	0
747	0	0
748	0	0
749	0	0
750	0	0
751	0	0
752	0	0
753	0	0
754	0	0
755	0	0
756	0	0
757	0	0
758	0	0
759	0	0
760	0	0
761	0	0
762	0	0
763	0	0
764	0	0
765	0	0
766	0	0
767	0	0
768	0	0
769	0	0
770	0	0
771	0	0
772	0	0
773	0	0
774	0	0
775	0	0
776	0	0
777	0	0
778	0	0
779	0	0
780	0	0
781	0	0
782	0	0
783	0	0
784	0	0
785	0	0
786	0	0
787	0	0
788	0	0
789	0	0
790	0	0
791	0	0
792	0	0
793	0	0
794	0	0
795	0	0
796	0	0
797	0	0
798	0	0
799	0	0
800	0	0
801	0	0
802	0	0
803	0	0
804	0	0
805	0	0
806	0	0
807	0	0
808	0	0
809	0	0
810	0	0
811	0	0
812	0	0
813	0	0
814	0	0
815	0	0
816	0	0
817	0	0
818	0	0
819	0	0
820	0	0
821	0	0
822	0	0
823	0	0
824	0	0
825	0	0
826	0	0
827	0	0
828	0	0
829	0	0
830	0	0
831	0	0
832	0	0
833	0	0
834	0	0
835	0	0
836	0	0
837	0	0
838	0	0
839	0	0
840	0	0
841	0	0
842	0	0
843	0	0
844	0	0
845	0	0
846	0	0
847	0	0
848	0	0
849	0	0
850	0	0
851	0	0
852	0	0
853	0	0
854	0	0
855	0	0
856	0	0
857	0	0
858	0	0
859	0	0
860	0	0
861	0	0
862	0	0
863	0	0
864	0	0
865	0	0
866	0	0
867	0	0
868	0	0
869	0	0
870	0	0
871	0	0
872	0	0
873	0	0
874	0	0
875	0	0
876	0	0
877	0	0
878	0	0
879	0	0
880	0	0
881	0	0
882	0	0
883	0	0
884	0	0
885	0	0
886	0	0
887	0	0
888	0	0
889	0	0
890	0	0
891	0	0
892	0	0
893	0	0
894	0	0
895	0	0
896	0	0
897	0	0
898	0	0
899	0	0
900	0	0
901	0	0
902	0	0
903	0	0
904	0	0
905	0	0
906	0	0
907	0	0
908	0	0
909	0	0
910	0	0
911	0	0
912	0	0
913	0	0
914	1	0
915	1	0
916	1	0
917	1	0
918	1	0
919	1	0
920	1	0
921	1	0
922	1	0
923	1	0
924	1	0
925	1	0
926	1	0
927	1	0
928	1	0
929	1	0
930	1	0
931	1	0
932	1	0
933	1	0
934	1	0
935	1	0
936	1	0
937	1	0
938	1	0
939	1	0
940	1	0
941	1	0
942	1	0
943	1	0
944	1	0
945	1	0
946	1	0
947	1	0
948	1	0
949	1	0
950	1	0
951	1	0
952	1	0
953	1	0
954	1	0
955	1	0
956	1	0
957	1	0
958	1	0
959	1	0
960	1	0
961	1	0
962	1	0
963	1	0
964	1	0
965	1	0
966	1	0
967	1	0
968	1	0
969	1	0
970	1	0
971	1	0
972	1	0
973	1	0
974	1	0
975	1	0
976	1	0
977	1	0
978	1	0
979	1	0
980	1	0
981	1	0
982	1	0
983	1	0
984	1	0
985	1	0
986	1	0
987	1	0
988	1	0
989	1	0
990	1	0
991	1	0
992	1	0
993	1	0
994	1	0
995	1	0
996	1	0
997	1	0
998	1	0
999	1	0
1000	1	0
1001	1	0
1002	1	0
1003	1	0
1004	1	0
1005	1	0
1006	1	0
1007	1	0
1008	1	0
1009	1	0
1010	1	0
1011	1	0
1012	1	0
1013	1	0
1014	1	0
1015	1	0
1016	1	0
1017	1	0
1018	1	0
1019	1	0
1020	1	0
1021	1	0
1022	1	0
1023	1	0
1024	1	0
1025	1	0
1026	1	0
1027	1	0
1028	1	0
1029	1	0
1030	1	0
1031	1	0
1032	1	0
1033	1	0
1034	1	0
1035	1	0
1036	1	0
1037	1	0
1038	1	0
1039	1	0
1040	1	0
1041	1	0
1042	1	0
1043	1	0
1044	1	0
1045	1	0
1046	1	0
1047	1	0
1048	1	0
1049	1	0
1050	1	0
1051	1	0
1052	1	0
1053	1	0
1054	1	0
1055	2	0
1056	2	0
1057	2	0
1058	2	0
1059	2	0
1060	2	0
1061	2	0
1062	2	0
1063	2	0
1064	2	0
1065	2	0
1066	2	0
1067	2	0
1068	2	0
1069	2	0
1070	2	0
1071	2	0
1072	2	0
1073	2	0
1074	2	0
1075	2	0
1076	2	0
1077	2	0
1078	2	0
1079	2	0
1080	2	0
1081	2	0
1082	2	0
1083	2	0
1084	2	0
1085	2	0
1086	2	0
1087	2	0
1088	2	0
1089	2	0
1090	2	0
1091	2	0
1092	2	0
1093	2	0
1094	2	0
1095	2	0
1096	2	0
1097	2	0
1098	2	0
1099	2	0
1100	2	0
1101	2	0
1102	2	0
1103	2	0
1104	2	0
1105	2	0
1106	2	0
1107	2	0
1108	2	0
1109	2	0
1110	2	0
1111	2	0
1112	2	0
1113	2	0
1114	2	0
1115	2	0
1116	2	0
1117	2	0
1118	2	0
1119	2	0
1120	2	0
1121	2	0
1122	3	0
1123	3	0
1124	3	0
1125	3	0
1126	3	0
1127	3	0
1128	3	0
1129	3	0
1130	3	0
1131	3	0
1132	3	0
1133	3	0
1134	3	0
1135	3	0
1136	3	0
1137	3	0
1138	3	0
1139	3	0
1140	3	0
1141	3	0
1142	3	0
1143	3	0
1144	3	0
1145	3	0
1146	3	0
1147	3	0
1148	3	0
1149	3	0
1150	3	0
1151	3	0
1152	3	0
1153	3	0
1154	3	0
1155	3	0
1156	3	0
1157	3	0
1158	3	0
1159	3	0
1160	3	0
1161	3	0
1162	3	0
1163	3	0
1164	3	0
1165	3	0
1166	3	0
1167	3	0
1168	3	0
1169	3	0
1170	3	0
1171	3	0
1172	3	0
1173	3	0
1174	3	0
1175	3	0
1176	4	0
1177	4	0
1178	4	0
1179	4	0
1180	4	0
1181	4	0
1182	4	0
1183	4	0
1184	4	0
1185	4	0
1186	4	0
1187	4	0
1188	4	0
1189	4	0
1190	4	0
1191	4	0
1192	4	0
1193	4	0
1194	4	0
1195	4	0
1196	4	0
1197	4	0
1198	4	0
1199	4	0
1200	4	0
1201	4	0
1202	4	0
1203	4	0
1204	4	0
1205	4	0
1206	4	0
1207	4	0
1208	4	0
1209	4	0
1210	4	0
1211	4	0
1212	4	0
1213	4	0
1214	4	0
1215	4	0
1216	4	0
1217	4	0
1218	4	0
1219	4	0
1220	4	0
1221	4	0
1222	4	0
1223	4	0
1224	4	0
1225	4	0
1226	4	0
1227	4	0
1228	4	0
1229	4	0
1230	4	0
1231	4	0
1232	4	0
1233	4	0
1234	4	0
1235	4	0
1236	4	0
1237	4	0
1238	4	0
1239	4	0
1240	4	0
1241	4	0
1242	4	0
1243	4	0
1244	4	0
1245	4	0
1246	4	0
1247	4	0
1248	4	0
1249	4	0
1250	4	0
1251	4	0
1252	4	0
1253	4	0
1254	4	0
1255	4	0
1256	4	0
1257	4	0
1258	4	0
1259	4	0
1260	4	0
1261	4	0
1262	4	0
1263	4	0
1264	4	0
1265	4	0
1266	4	0
1267	4	0
1268	4	0
1269	4	0
1270	4	0
1271	4	0
1272	4	0
1273	4	0
1274	4	0
1275	4	0
1276	4	0
1277	4	0
1278	4	0
1279	4	0
1280	4	0
1281	4	0
1282	4	0
1283	4	0
1284	4	0
1285	4	0
1286	4	0
1287	4	0
1288	4	0
1289	4	0
1290	4	0
1291	4	0
1292	4	0
1293	4	0
1294	4	0
1295	4	0
1296	4	0
1297	4	0
1298	4	0
1299	4	0
1300	4	0
1301	4	0
1302	4	0
1303	4	0
1304	4	0
1305	4	0
1306	4	0
1307	4	0
1308	4	0
1309	4	0
1310	4	0
1311	4	0
1312	4	0
1313	4	0
1314	4	0
1315	4	0
1316	4	0
1317	4	0
1318	4	0
1319	4	0
1320	4	0
1321	4	0
1322	4	0
1323	4	0
1324	4	0
1325	4	0
1326	4	0
1327	4	0
1328	4	0
1329	4	0
1330	4	0
1331	4	0
1332	4	0
1333	4	0
1334	4	0
1335	4	0
1336	4	0
1337	4	0
1338	4	0
1339	4	0
1340	4	0
1341	4	0
1342	4	0
1343	4	0
1344	4	0
1345	4	0
1346	4	0
1347	4	0
1348	4	0
1349	4	0
1350	4	0
1351	4	0
1352	4	0
1353	4	0
1354	4	0
1355	4	0
1356	4	0
1357	4	0
1358	4	0
1359	4	0
1360	4	0
1361	4	0
1362	4	0
1363	4	0
1364	4	0
1365	4	0
1366	4	0
1367	4	0
1368	4	0
1369	4	0
1370	4	0
1371	4	0
1372	4	0
1373	4	0
1374	4	0
1375	4	0
1376	4	0
1377	4	0
1378	4	0
1379	4	0
1380	4	0
1381	4	0
1382	4	0
1383	4	0
1384	4	0
1385	4	0
1386	4	0
1387	4	0
1388	4	0
1389	4	0
1390	4	0
1391	4	0
1392	4	0
1393	4	0
1394	4	0
1395	4	0
1396	4	0
1397	4	0
1398	4	0
1399	4	0
1400	4	0
1401	4	0
1402	4	0
1403	4	0
1404	4	0
1405	4	0
1406	4	0
1407	4	0
1408	4	0
1409	4	0
1410	4	0
1411	4	0
1412	4	0
1413	4	0
1414	4	0
1415	4	0
1416	4	0
1417	4	0
1418	4	0
1419	4	0
1420	4	0
1421	4	0
1422	4	0
1423	4	0
1424	4	0
1425	4	0
1426	4	0
1427	4	0
1428	4	0
1429	4	0
1430	4	0
1431	4	0
1432	4	0
1433	4	0
1434	4	0
1435	4	0
1436	4	0
1437	4	0
1438	4	0
1439	4	0
1440	4	0
1441	4	0
1442	4	0
1443	4	0
1444	4	0
1445	4	0
1446	4	0
1447	4	0
1448	4	0
1449	4	0
1450	4	0
1451	4	0
1452	4	0
1453	4	0
1454	4	0
1455	4	0
1456	4	0
1457	4	0
1458	4	0
1459	4	0
1460	4	0
1461	4	0
1462	4	0
1463	4	0
1464	4	0
1465	4	0
1466	4	0
1467	4	0
1468	4	0
1469	4	0
1470	4	0
1471	4	0
1472	4	0
1473	4	0
1474	4	0
1475	4	0
1476	4	0
1477	4	0
1478	4	0
1479	4	0
1480	4	0
1481	4	0
1482	4	0
1483	4	0
1484	4	0
1485	4	0
1486	4	0
1487	4	0
1488	4	0
1489	4	0
1490	4	0
1491	4	0
1492	4	0
1493	4	0
1494	4	0
1495	4	0
1496	4	0
1497	4	0
1498	4	0
1499	4	0
1500	4	0
1501	4	0
1502	4	0
1503	4	0
1504	4	0
1505	4	0
1506	4	0
1507	4	0
1508	4	0
1509	4	0
1510	4	0
1511	4	0
1512	4	0
1513	4	0
1514	4	0
1515	4	0
1516	4	0
1517	4	0
1518	4	0
1519	4	0
1520	4	0
1521	4	0
1522	4	0
1523	4	0
1524	4	0
1525	4	0
1526	4	0
1527	4	0
1528	4	0
1529	4	0
1530	4	0
1531	4	0
1532	4	0
1533	4	0
1534	4	0
1535	4	0
1536	4	0
1537	4	0
1538	4	0
1539	4	0
1540	4	0
1541	4	0
1542	4	0
1543	4	0
1544	4	0
1545	4	0
1546	4	0
1547	4	0
1548	4	0
1549	4	0
1550	4	0
1551	4	0
1552	4	0
1553	4	0
1554	4	0
1555	4	0
1556	4	0
1557	4	0
1558	4	0
1559	4	0
1560	4	0
1561	4	0
1562	4	0
1563	4	0
1564	4	0
1565	4	0
1566	4	0
1567	4	0
1568	4	0
1569	4	0
1570	4	0
1571	4	0
1572	4	0
1573	4	0
1574	4	0
1575	4	0
1576	4	0
1577	4	0
1578	4	0
1579	4	0
1580	4	0
1581	4	0
1582	4	0
1583	4	0
1584	4	0
1585	4	0
1586	4	0
1587	4	0
1588	4	0
1589	4	0
1590	4	0
1591	4	0
1592	4	0
1593	4	0
1594	4	0
1595	4	0
1596	4	0
1597	4	0
1598	4	0
1599	4	0
1600	4	0
1601	4	0
1602	4	0
1603	4	0
1604	4	0
1605	4	0
1606	4	0
1607	4	0
1608	4	0
1609	4	0
1610	4	0
1611	4	0
1612	4	0
1613	4	0
1614	4	0
1615	4	0
1616	4	0
1617	4	0
1618	4	0
1619	4	0
1620	4	0
1621	4	0
1622	4	0
1623	4	0
1624	4	0
1625	4	0
1626	4	0
1627	4	0
1628	4	0
1629	4	0
1630	4	0
1631	4	0
1632	4	0
1633	4	0
1634	4	0
1635	4	0
1636	4	0
1637	4	0
1638	4	0
1639	4	0
1640	4	0
1641	4	0
1642	4	0
1643	4	0
1644	4	0
1645	4	0
1646	4	0
1647	4	0
1648	4	0
1649	4	0
1650	4	0
1651	4	0
1652	4	0
1653	4	0
1654	4	0
1655	4	0
1656	4	0
1657	4	0
1658	4	0
1659	4	0
1660	4	0
1661	4	0
1662	4	0
1663	4	0
1664	4	0
1665	4	0
1666	4	0
1667	4	0
1668	4	0
1669	4	0
1670	4	0
1671	4	0
1672	4	0
1673	4	0
1674	4	0
1675	4	0
1676	4	0
1677	4	0
1678	4	0
1679	4	0
1680	4	0
1681	4	0
1682	4	0
1683	4	0
1684	4	0
1685	4	0
1686	4	0
1687	4	0
1688	4	0
1689	4	0
1690	4	0
1691	4	0
1692	4	0
1693	4	0
1694	4	0
1695	4	0
1696	4	0
1697	4	0
1698	4	0
1699	4	0
1700	4	0
1701	4	0
1702	4	0
1703	4	0
1704	4	0
1705	4	0
1706	4	0
1707	4	0
1708	4	0
1709	4	0
1710	4	0
1711	4	0
1712	4	0
1713	4	0
1714	4	0
1715	4	0
1716	4	0
1717	4	0
1718	4	0
1719	4	0
1720	4	0
1721	4	0
1722	4	0
1723	4	0
1724	4	0
1725	4	0
1726	4	0
1727	4	0
1728	4	0
1729	4	0
1730	4	0
1731	4	0
1732	4	0
1733	4	0
1734	4	0
1735	4	0
1736	4	0
1737	4	0
1738	4	0
1739	4	0
1740	4	0
1741	4	0
1742	4	0
1743	4	0
1744	4	0
1745	4	0
1746	4	0
1747	4	0
1748	4	0
1749	4	0
1750	4	0
1751	4	0
1752	4	0
1753	4	0
1754	4	0
1755	4	0
1756	4	0
1757	4	0
1758	4	0
1759	4	0
1760	4	0
1761	4	0
1762	4	0
1763	4	0
1764	4	0
1765	4	0
1766	4	0
1767	4	0
1768	4	0
1769	4	0
1770	4	0
1771	4	0
1772	4	0
1773	4	0
1774	4	0
1775	4	0
1776	4	0
1777	4	0
1778	4	0
1779	4	0
1780	4	0
1781	4	0
1782	4	0
1783	4	0
1784	4	0
1785	4	0
1786	4	0
1787	4	0
1788	4	0
1789	4	0
1790	4	0
1791	4	0
1792	4	0
1793	4	0
1794	4	0
1795	4	0
1796	4	0
1797	4	0
1798	4	0
1799	4	0
1800	4	0
1801	4	0
1802	4	0
1803	4	0
1804	4	0
1805	4	0
1806	4	0
1807	4	0
1808	4	0
1809	4	0
1810	4	0
1811	4	0
1812	4	0
1813	4	0
1814	4	0
1815	4	0
1816	4	0
1817	4	0
1818	4	0
1819	4	0
1820	4	0
1821	4	0
1822	4	0
1823	4	0
1824	4	0
1825	4	0
1826	4	0
1827	4	0
1828	4	0
1829	4	0
1830	4	0
1831	4	0
1832	4	0
1833	4	0
1834	4	0
1835	4	0
1836	4	0
1837	4	0
1838	4	0
1839	4	0
1840	4	0
1841	4	0
1842	4	0
1843	4	0
1844	4	0
1845	4	0
1846	4	0
1847	4	0
1848	4	0
1849	4	0
1850	4	0
1851	4	0
1852	4	0
1853	4	0
1854	4	0
1855	4	0
1856	4	0
1857	4	0
1858	4	0
1859	4	0
1860	4	0
1861	4	0
1862	4	0
1863	4	0
1864	4	0
1865	4	0
1866	4	0
1867	4	0
1868	4	0
1869	4	0
1870	4	0
1871	4	0
1872	4	0
1873	4	0
1874	4	0
1875	4	0
1876	4	0
1877	4	0
1878	4	0
1879	4	0
1880	4	0
1881	4	0
1882	4	0
1883	4	0
1884	4	0
1885	4	0
1886	4	0
1887	4	0
1888	4	0
1889	4	0
1890	4	0
1891	4	0
1892	4	0
1893	4	0
1894	4	0
1895	4	0
1896	4	0
1897	4	0
1898	4	0
1899	4	0
1900	4	0
1901	4	0
1902	4	0
1903	4	0
1904	4	0
1905	4	0
1906	4	0
1907	4	0
1908	4	0
1909	4	0
1910	4	0
1911	4	0
1912	4	0
1913	4	0
1914	4	0
1915	4	0
1916	4	0
1917	4	0
1918	4	0
1919	4	0
1920	4	0
1921	4	0
1922	4	0
1923	4	0
1924	4	0
1925	4	0
1926	4	0
1927	4	0
1928	4	0
1929	4	0
1930	4	0
1931	4	0
1932	4	0
1933	4	0
1934	4	0
1935	4	0
1936	4	0
1937	4	0
1938	4	0
1939	4	0
1940	4	0
1941	4	0
1942	4	0
1943	4	0
1944	4	0
1945	4	0
1946	4	0
1947	4	0
1948	4	0
1949	4	0
1950	4	0
1951	4	0
1952	4	0
1953	4	0
1954	4	0
1955	4	0
1956	4	0
1957	4	0
1958	4	0
1959	4	0
1960	4	0
1961	4	0
1962	4	0
1963	4	0
1964	4	0
1965	4	0
1966	4	0
1967	4	0
1968	4	0
1969	4	0
1970	4	0
1971	4	0
1972	4	0
1973	4	0
1974	4	0
1975	4	0
1976	4	0
1977	4	0
1978	4	0
1979	4	0
1980	4	0
1981	4	0
1982	4	0
1983	4	0
1984	4	0
1985	4	0
1986	4	0
1987	4	0
1988	4	0
1989	4	0
1990	4	0
1991	4	0
1992	4	0
1993	4	0
1994	4	0
1995	4	0
1996	4	0
1997	4	0
1998	4	0
1999	4	0
2000	4	0
2001	4	0
2002	4	0
2003	4	0
2004	4	0
2005	4	0
2006	4	0
2007	4	0
2008	4	0
2009	4	0
2010	4	0
2011	4	0
2012	4	0
2013	4	0
2014	4	0
2015	4	0
2016	4	0
2017	4	0
2018	4	0
2019	4	0
2020	4	0
2021	4	0
2022	4	0
2023	4	0
2024	4	0
2025	4	0
2026	4	0
2027	4	0
2028	4	0
2029	4	0
2030	4	0
2031	4	0
2032	4	0
2033	4	0
2034	4	0
2035	4	0
2036	4	0
2037	4	0
2038	4	0
2039	4	0
2040	4	0
2041	4	0
2042	4	0
2043	4	0
2044	4	0
2045	4	0
2046	4	0
2047	4	0
2048	4	0
2049	4	0
2050	4	0
2051	4	0
2052	4	0
2053	4	0
2054	4	0
2055	4	0
2056	4	0
2057	4	0
2058	4	0
2059	4	0
2060	4	0
2061	4	0
2062	4	0
2063	4	0
2064	4	0
2065	4	0
2066	4	0
2067	4	0
2068	4	0
2069	4	0
2070	4	0
2071	4	0
2072	4	0
2073	4	0
2074	4	0
2075	4	0
2076	4	0
2077	4	0
2078	4	0
2079	4	0
2080	4	0
2081	4	0
2082	4	0
2083	4	0
2084	4	0
2085	4	0
2086	4	0
2087	4	0
2088	4	0
2089	4	0
2090	4	0
2091	4	0
2092	4	0
2093	4	0
2094	4	0
2095	4	0
2096	4	0
2097	4	0
2098	4	0
2099	4	0
2100	4	0
2101	4	0
2102	4	0
2103	5	0
2104	5	0
2105	5	0
2106	5	0
2107	5	0
2108	5	0
2109	5	0
2110	5	0
2111	5	0
2112	5	0
2113	5	0
2114	5	0
2115	5	0
2116	5	0
2117	5	0
2118	5	0
2119	5	0
2120	5	0
2121	5	0
2122	5	0
2123	5	0
2124	5	0
2125	5	0
2126	5	0
2127	5	0
2128	5	0
2129	5	0
2130	5	0
2131	5	0
2132	5	0
2133	5	0
2134	5	0
2135	5	0
2136	5	0
2137	5	0
2138	5	0
2139	5	0
2140	5	0
2141	5	0
2142	5	0
2143	5	0
2144	5	0
2145	5	0
2146	5	0
2147	5	0
2148	5	0
2149	5	0
2150	5	0
2151	5	0
2152	5	0
2153	5	0
2154	5	0
2155	5	0
2156	5	0
2157	5	0
2158	5	0
2159	5	0
2160	5	0
2161	5	0
2162	5	0
2163	5	0
2164	5	0
2165	5	0
2166	5	0
2167	5	0
2168	5	0
2169	5	0
2170	5	0
2171	5	0
2172	5	0
2173	5	0
2174	6	0
2175	6	0
2176	6	0
2177	6	0
2178	6	0
2179	6	0
2180	6	0
2181	6	0
2182	6	0
2183	6	0
2184	6	0
2185	6	0
2186	6	0
2187	6	0
2188	6	0
2189	6	0
2190	6	0
2191	6	0
2192	6	0
2193	6	0
2194	6	0
2195	6	0
2196	6	0
2197	6	0
2198	6	0
2199	6	0
2200	6	0
2201	6	0
2202	6	0
2203	6	0
2204	6	0
2205	6	0
2206	6	0
2207	6	0
2208	6	0
2209	6	0
2210	6	0
2211	6	0
2212	6	0
2213	6	0
2214	6	0
2215	6	0
2216	6	0
2217	6	0
2218	6	0
2219	6	0
2220	6	0
2221	6	0
2222	6	0
2223	6	0
2224	6	0
2225	6	0
2226	6	0
2227	6	0
2228	6	0
2229	6	0
2230	6	0
2231	7	0
2232	7	0
2233	7	0
2234	7	0
2235	7	0
2236	7	0
2237	7	0
2238	7	0
2239	7	0
2240	7	0
2241	7	0
2242	7	0
2243	7	0
2244	7	0
2245	7	0
2246	7	0
2247	7	0
2248	7	0
2249	7	0
2250	7	0
2251	7	0
2252	7	0
2253	7	0
2254	7	0
2255	7	0
2256	7	0
2257	7	0
2258	7	0
2259	7	0
2260	7	0
2261	7	0
2262	7	0
2263	7	0
2264	7	0
2265	7	0
2266	7	0
2267	7	0
2268	7	0
2269	7	0
2270	7	0
2271	7	0
2272	7	0
2273	7	0
2274	7	0
2275	7	0
2276	7	0
2277	7	0
2278	7	0
2279	7	0
2280	7	0
2281	7	0
2282	7	0
2283	7	0
2284	7	0
2285	7	0
2286	7	0
2287	7	0
2288	7	0
2289	7	0
2290	7	0
2291	7	0
2292	7	0
2293	7	0
2294	7	0
2295	7	0
2296	7	0
2297	7	0
2298	7	0
2299	7	0
2300	7	0
2301	7	0
2302	7	0
2303	7	0
2304	7	0
2305	7	0
2306	7	0
2307	7	0
2308	7	0
2309	7	0
2310	7	0
2311	7	0
2312	7	0
2313	7	0
2314	7	0
2315	7	0
2316	7	0
2317	7	0
2318	7	0
2319	7	0
2320	7	0
2321	7	0
2322	7	0
2323	7	0
2324	7	0
2325	7	0
2326	7	0
2327	7	0
2328	7	0
2329	7	0
2330	7	0
2331	7	0
2332	7	0
2333	7	0
2334	7	0
2335	7	0
2336	7	0
2337	7	0
2338	7	0
2339	7	0
2340	7	0
2341	7	0
2342	7	0
2343	7	0
2344	7	0
2345	7	0
2346	7	0
2347	7	0
2348	7	0
2349	7	0
2350	7	0
2351	7	0
2352	7	0
2353	7	0
2354	7	0
2355	7	0
2356	7	0
2357	7	0
2358	7	0
2359	7	0
2360	7	0
2361	7	0
2362	7	0
2363	7	0
2364	7	0
2365	7	0
2366	7	0
2367	7	0
2368	7	0
2369	7	0
2370	7	0
2371	7	0
2372	7	0
2373	7	0
2374	7	0
2375	7	0
2376	7	0
2377	7	0
2378	7	0
2379	7	0
2380	7	0
2381	7	0
2382	7	0
2383	7	0
2384	7	0
2385	7	0
2386	7	0
2387	7	0
2388	7	0
2389	7	0
2390	7	0
2391	7	0
2392	7	0
2393	7	0
2394	7	0
2395	7	0
2396	7	0
2397	7	0
2398	7	0
2399	7	0
2400	7	0
2401	7	0
2402	7	0
2403	7	0
2404	7	0
2405	7	0
2406	7	0
2407	7	0
2408	7	0
2409	7	0
2410	7	0
2411	7	0
2412	7	0
2413	7	0
2414	7	0
2415	7	0
2416	7	0
2417	7	0
2418	7	0
2419	7	0
2420	7	0
2421	7	0
2422	7	0
2423	7	0
2424	7	0
2425	7	0
2426	7	0
2427	7	0
2428	7	0
2429	7	0
2430	7	0
2431	7	0
2432	7	0
2433	7	0
2434	7	0
2435	7	0
2436	7	0
2437	7	0
2438	7	0
2439	7	0
2440	7	0
2441	7	0
2442	7	0
2443	7	0
2444	7	0
2445	7	0
2446	7	0
2447	7	0
2448	7	0
2449	7	0
2450	7	0
2451	7	0
2452	7	0
2453	7	0
2454	7	0
2455	7	0
2456	7	0
2457	7	0
2458	7	0
2459	7	0
2460	7	0
2461	7	0
2462	7	0
2463	7	0
2464	7	0
2465	7	0
2466	7	0
2467	7	0
2468	7	0
2469	7	0
2470	7	0
2471	7	0
2472	7	0
2473	7	0
2474	7	0
2475	7	0
2476	7	0
2477	7	0
2478	8	0
2479	8	0
2480	8	0
2481	8	0
2482	8	0
2483	8	0
2484	8	0
2485	8	0
2486	8	0
2487	8	0
2488	9	0
2489	9	0
2490	9	0
2491	9	0
2492	9	0
2493	9	0
2494	9	0
2495	9	0
2496	9	0
2497	9	0
2498	9	0
2499	9	0
2500	9	0
2501	9	0
2502	9	0
2503	9	0
2504	9	0
2505	9	0
2506	9	0
2507	10	0
2508	10	0
2509	10	0
2510	10	0
2511	10	0
2512	10	0
2513	10	0
2514	10	0
2515	10	0
2516	10	0
2517	10	0
2518	10	0
2519	10	0
2520	10	0
2521	10	0
2522	10	0
2523	10	0
2524	10	0
2525	10	0
2526	10	0
2527	10	0
2528	10	0
2529	10	0
2530	10	0
2531	10	0
2532	10	0
2533	10	0
2534	10	0
2535	10	0
2536	10	0
2537	10	0
2538	10	0
2539	10	0
2540	10	0
2541	10	0
2542	10	0
2543	10	0
2544	10	0
2545	10	0
2546	10	0
2547	10	0
2548	10	0
2549	10	0
2550	10	0
2551	10	0
2552	10	0
2553	10	0
2554	10	0
2555	10	0
2556	10	0
2557	10	0
2558	10	0
2559	10	0
2560	10	0
2561	10	0
2562	10	0
2563	10	0
2564	10	0
2565	10	0
2566	10	0
2567	10	0
2568	10	0
2569	10	0
2570	10	0
2571	10	0
2572	10	0
2573	10	0
2574	10	0
2575	10	0
2576	10	0
2577	10	0
2578	10	0
2579	10	0
2580	10	0
2581	10	0
2582	10	0
2583	10	0
2584	10	0
2585	10	0
2586	10	0
2587	10	0
2588	11	0
2589	11	0
2590	11	0
2591	11	0
2592	11	0
2593	11	0
2594	11	0
2595	11	0
2596	11	0
2597	11	0
2598	11	0
2599	11	0
2600	11	0
2601	11	0
2602	11	0
2603	11	0
2604	11	0
2605	11	0
2606	11	0
2607	11	0
2608	11	0
2609	11	0
2610	11	0
2611	11	0
2612	11	0
2613	11	0
2614	11	0
2615	11	0
2616	11	0
2617	11	0
2618	11	0
2619	11	0
2620	11	0
2621	11	0
2622	11	0
2623	11	0
2624	11	0
2625	11	0
2626	11	0
2627	11	0
2628	11	0
2629	11	0
2630	11	0
2631	11	0
2632	11	0
2633	11	0
2634	11	0
2635	11	0
2636	11	0
2637	11	0
2638	11	0
2639	11	0
2640	11	0
2641	11	0
2642	11	0
2643	11	0
2644	11	0
2645	11	0
2646	11	0
2647	11	0
2648	11	0
2649	11	0
2650	11	0
2651	11	0
2652	11	0
2653	11	0
2654	11	0
2655	11	0
2656	11	0
2657	11	0
2658	11	0
2659	11	0
2660	11	0
2661	11	0
2662	11	0
2663	11	0
2664	11	0
2665	11	0
2666	11	0
2667	11	0
2668	11	0
2669	11	0
2670	11	0
2671	11	0
2672	11	0
2673	11	0
2674	11	0
2675	11	0
2676	11	0
2677	11	0
2678	11	0
2679	11	0
2680	11	0
2681	11	0
2682	11	0
2683	11	0
2684	11	0
2685	11	0
2686	11	0
2687	11	0
2688	11	0
2689	11	0
2690	11	0
2691	11	0
2692	12	0
2693	12	0
2694	12	0
2695	12	0
2696	12	0
2697	12	0
2698	12	0
2699	12	0
2700	12	0
2701	12	0
2702	12	0
2703	12	0
2704	12	0
2705	12	0
2706	12	0
2707	12	0
2708	12	0
2709	12	0
2710	12	0
2711	12	0
2712	12	0
2713	12	0
2714	12	0
2715	12	0
2716	12	0
2717	12	0
2718	12	0
2719	12	0
2720	12	0
2721	12	0
2722	12	0
2723	12	0
2724	12	0
2725	12	0
2726	12	0
2727	12	0
2728	12	0
2729	12	0
2730	12	0
2731	12	0
2732	12	0
2733	12	0
2734	12	0
2735	12	0
2736	12	0
2737	12	0
2738	12	0
2739	12	0
2740	12	0
2741	12	0
2742	12	0
2743	12	0
2744	12	0
2745	12	0
2746	12	0
2747	12	0
2748	12	0
2749	12	0
2750	12	0
2751	12	0
2752	12	0
2753	12	0
2754	12	0
2755	12	0
2756	12	0
2757	12	0
2758	12	0
2759	12	0
2760	12	0
2761	12	0
2762	12	0
2763	12	0
2764	12	0
2765	12	0
2766	12	0
2767	12	0
2768	12	0
2769	12	0
2770	12	0
2771	12	0
2772	12	0
2773	12	0
2774	12	0
2775	12	0
2776	12	0
2777	12	0
2778	12	0
2779	12	0
2780	12	0
2781	12	0
2782	12	0
2783	12	0
2784	12	0
2785	12	0
2786	12	0
2787	12	0
2788	12	0
2789	12	0
2790	12	0
2791	12	0
2792	12	0
2793	12	0
2794	12	0
2795	12	0
2796	12	0
2797	12	0
2798	12	0
2799	12	0
2800	12	0
2801	12	0
2802	12	0
2803	12	0
2804	12	0
2805	12	0
2806	12	0
2807	12	0
2808	12	0
2809	12	0
2810	12	0
2811	12	0
2812	12	0
2813	12	0
2814	12	0
2815	12	0
2816	12	0
2817	12	0
2818	12	0
2819	12	0
2820	12	0
2821	13	0
2822	13	0
2823	13	0
2824	13	0
2825	13	0
2826	13	0
2827	13	0
2828	13	0
2829	13	0
2830	13	0
2831	13	0
2832	13	0
2833	13	0
2834	13	0
2835	13	0
2836	13	0
2837	13	0
2838	13	0
2839	13	0
2840	13	0
2841	13	0
2842	13	0
2843	13	0
2844	13	0
2845	13	0
2846	13	0
2847	13	0
2848	13	0
2849	13	0
2850	13	0
2851	13	0
2852	13	0
2853	13	0
2854	13	0
2855	13	0
2856	13	0
2857	13	0
2858	13	0
2859	13	0
2860	13	0
2861	13	0
2862	13	0
2863	13	0
2864	13	0
2865	13	0
2866	13	0
2867	13	0
2868	13	0
2869	13	0
2870	13	0
2871	13	0
2872	13	0
2873	13	0
2874	13	0
2875	13	0
2876	13	0
2877	13	0
2878	13	0
2879	13	0
2880	13	0
2881	13	0
2882	13	0
2883	13	0
2884	13	0
2885	13	0
2886	13	0
2887	13	0
2888	13	0
2889	13	0
2890	13	0
2891	13	0
2892	13	0
2893	13	0
2894	13	0
2895	13	0
2896	13	0
2897	13	0
2898	13	0
2899	13	0
2900	13	0
2901	13	0
2902	13	0
2903	13	0
2904	13	0
2905	13	0
2906	13	0
2907	13	0
2908	13	0
2909	13	0
2910	13	0
2911	13	0
2912	13	0
2913	13	0
2914	13	0
2915	13	0
2916	13	0
2917	13	0
2918	13	0
2919	13	0
2920	13	0
2921	13	0
2922	13	0
2923	13	0
2924	13	0
2925	13	0
2926	13	0
2927	13	0
2928	13	0
2929	13	0
2930	13	0
2931	13	0
2932	13	0
2933	13	0
2934	13	0
2935	13	0
2936	13	0
2937	13	0
2938	13	0
2939	13	0
2940	13	0
2941	13	0
2942	13	0
2943	13	0
2944	13	0
2945	13	0
2946	13	0
2947	13	0
2948	13	0
2949	13	0
2950	13	0
2951	13	0
2952	13	0
2953	13	0
2954	13	0
2955	13	0
2956	13	0
2957	13	0
2958	13	0
2959	13	0
2960	13	0
2961	13	0
2962	13	0
2963	13	0
2964	13	0
2965	13	0
2966	13	0
2967	13	0
2968	13	0
2969	13	0
2970	13	0
2971	13	0
2972	13	0
2973	13	0
2974	13	0
2975	13	0
2976	13	0
2977	13	0
2978	13	0
2979	13	0
2980	13	0
2981	13	0
2982	13	0
2983	13	0
2984	13	0
2985	13	0
2986	13	0
2987	13	0
2988	13	0
2989	13	0
2990	13	0
2991	13	0
2992	13	0
2993	13	0
2994	13	0
2995	13	0
2996	13	0
2997	13	0
2998	13	0
2999	13	0
3000	13	0
3001	13	0
3002	13	0
3003	13	0
3004	13	0
3005	13	0
3006	13	0
3007	13	0
3008	13	0
3009	13	0
3010	13	0
3011	13	0
3012	13	0
3013	13	0
3014	13	0
3015	13	0
3016	13	0
3017	13	0
3018	13	0
3019	13	0
3020	13	0
3021	13	0
3022	13	0
3023	13	0
3024	13	0
3025	13	0
3026	13	0
3027	13	0
3028	13	0
3029	13	0
3030	13	0
3031	13	0
3032	13	0
3033	13	0
3034	13	0
3035	13	0
3036	13	0
3037	13	0
3038	13	0
3039	13	0
3040	13	0
3041	13	0
3042	13	0
3043	13	0
3044	13	0
3045	13	0
3046	13	0
3047	13	0
3048	13	0
3049	13	0
3050	13	0
3051	13	0
3052	13	0
3053	13	0
3054	13	0
3055	13	0
3056	13	0
3057	13	0
3058	13	0
3059	13	0
3060	13	0
3061	13	0
3062	13	0
3063	13	0
3064	13	0
3065	13	0
3066	13	0
3067	13	0
3068	13	0
3069	13	0
3070	13	0
3071	13	0
3072	13	0
3073	13	0
3074	13	0
3075	13	0
3076	13	0
3077	13	0
3078	13	0
3079	13	0
3080	13	0
3081	13	0
3082	13	0
3083	13	0
3084	13	0
3085	13	0
3086	13	0
3087	13	0
3088	13	0
3089	13	0
3090	13	0
3091	13	0
3092	13	0
3093	13	0
3094	13	0
3095	13	0
3096	13	0
3097	13	0
3098	13	0
3099	13	0
3100	13	0
3101	13	0
3102	13	0
3103	13	0
3104	13	0
3105	13	0
3106	13	0
3107	13	0
3108	13	0
3109	13	0
3110	13	0
3111	13	0
3112	13	0
3113	13	0
3114	13	0
3115	13	0
3116	13	0
3117	13	0
3118	13	0
3119	13	0
3120	13	0
3121	13	0
3122	13	0
3123	13	0
3124	13	0
3125	13	0
3126	13	0
3127	13	0
3128	13	0
3129	13	0
3130	13	0
3131	13	0
3132	13	0
3133	13	0
3134	13	0
3135	13	0
3136	13	0
3137	13	0
3138	13	0
3139	13	0
3140	13	0
3141	13	0
3142	13	0
3143	13	0
3144	13	0
3145	13	0
3146	13	0
3147	13	0
3148	13	0
3149	13	0
3150	13	0
3151	13	0
3152	13	0
3153	13	0
3154	13	0
3155	13	0
3156	13	0
3157	13	0
3158	13	0
3159	13	0
3160	13	0
3161	13	0
3162	13	0
3163	13	0
3164	13	0
3165	13	0
3166	13	0
3167	13	0
3168	13	0
3169	13	0
3170	13	0
3171	13	0
3172	13	0
3173	13	0
3174	13	0
3175	13	0
3176	13	0
3177	13	0
3178	13	0
3179	13	0
3180	13	0
3181	13	0
3182	13	0
3183	13	0
3184	13	0
3185	13	0
3186	13	0
3187	13	0
3188	13	0
3189	13	0
3190	13	0
3191	13	0
3192	13	0
3193	13	0
3194	13	0
3195	13	0
3196	13	0
3197	13	0
3198	13	0
3199	13	0
3200	13	0
3201	13	0
3202	13	0
3203	13	0
3204	13	0
3205	13	0
3206	13	0
3207	13	0
3208	13	0
3209	13	0
3210	13	0
3211	13	0
3212	13	0
3213	13	0
3214	13	0
3215	13	0
3216	13	0
3217	13	0
3218	13	0
3219	13	0
3220	13	0
3221	13	0
3222	13	0
3223	13	0
3224	13	0
3225	13	0
3226	13	0
3227	13	0
3228	13	0
3229	13	0
3230	13	0
3231	13	0
3232	13	0
3233	13	0
3234	13	0
3235	13	0
3236	13	0
3237	13	0
3238	13	0
3239	13	0
3240	13	0
3241	13	0
3242	13	0
3243	13	0
3244	13	0
3245	13	0
3246	13	0
3247	13	0
3248	13	0
3249	13	0
3250	13	0
3251	13	0
3252	13	0
3253	13	0
3254	13	0
3255	13	0
3256	13	0
3257	13	0
3258	13	0
3259	13	0
3260	13	0
3261	13	0
3262	13	0
3263	13	0
3264	13	0
3265	13	0
3266	13	0
3267	13	0
3268	13	0
3269	13	0
3270	13	0
3271	13	0
3272	13	0
3273	13	0
3274	13	0
3275	13	0
3276	13	0
3277	13	0
3278	13	0
3279	13	0
3280	13	0
3281	13	0
3282	13	0
3283	13	0
3284	13	0
3285	13	0
3286	13	0
3287	13	0
3288	13	0
3289	13	0
3290	13	0
3291	13	0
3292	13	0
3293	13	0
3294	14	0
3295	14	0
3296	14	0
3297	14	0
3298	14	0
3299	14	0
3300	14	0
3301	14	0
3302	14	0
3303	14	0
3304	15	0
3305	15	0
3306	15	0
3307	15	0
3308	15	0
3309	15	0
3310	15	0
3311	15	0
3312	16	0
3313	16	0
3314	16	0
3315	16	0
3316	16	0
3317	16	0
3318	16	0
3319	16	0
3320	16	0
3321	16	0
3322	16	0
3323	16	0
3324	16	0
3325	16	0
3326	16	0
3327	16	0
3328	16	0
3329	16	0
3330	16	0
3331	16	0
3332	16	0
3333	16	0
3334	16	0
3335	16	0
3336	16	0
3337	16	0
3338	16	0
3339	16	0
3340	16	0
3341	16	0
3342	16	0
3343	16	0
3344	16	0
3345	16	0
3346	16	0
3347	16	0
3348	16	0
3349	16	0
3350	16	0
3351	16	0
3352	16	0
3353	16	0
3354	16	0
3355	16	0
3356	16	0
3357	16	0
3358	16	0
3359	16	0
3360	16	0
3361	16	0
3362	16	0
3363	16	0
3364	16	0
3365	16	0
3366	16	0
3367	16	0
3368	16	0
3369	16	0
3370	16	0
3371	16	0
3372	16	0
3373	16	0
3374	16	0
3375	16	0
3376	16	0
3377	16	0
3378	16	0
3379	16	0
3380	16	0
3381	16	0
3382	16	0
3383	16	0
3384	16	0
3385	16	0
3386	16	0
3387	16	0
3388	16	0
3389	16	0
3390	16	0
3391	16	0
3392	16	0
3393	16	0
3394	16	0
3395	16	0
3396	16	0
3397	16	0
3398	16	0
3399	16	0
3400	16	0
3401	16	0
3402	16	0
3403	16	0
3404	16	0
3405	16	0
3406	16	0
3407	16	0
3408	16	0
3409	16	0
3410	16	0
3411	16	0
3412	16	0
3413	16	0
3414	16	0
3415	16	0
3416	16	0
3417	16	0
3418	16	0
3419	16	0
3420	16	0
3421	16	0
3422	16	0
3423	16	0
3424	16	0
3425	16	0
3426	16	0
3427	16	0
3428	16	0
3429	16	0
3430	16	0
3431	16	0
3432	16	0
3433	16	0
3434	16	0
3435	16	0
3436	16	0
3437	16	0
3438	16	0
3439	16	0
3440	16	0
3441	16	0
3442	16	0
3443	16	0
3444	16	0
3445	16	0
3446	16	0
3447	16	0
3448	16	0
3449	16	0
3450	16	0
3451	16	0
3452	16	0
3453	16	0
3454	16	0
3455	16	0
3456	16	0
3457	16	0
3458	16	0
3459	16	0
3460	16	0
3461	16	0
3462	16	0
3463	16	0
3464	16	0
3465	16	0
3466	16	0
3467	16	0
3468	16	0
3469	16	0
3470	16	0
3471	16	0
3472	16	0
3473	16	0
3474	16	0
3475	16	0
3476	16	0
3477	16	0
3478	16	0
3479	16	0
3480	16	0
3481	16	0
3482	16	0
3483	16	0
3484	16	0
3485	16	0
3486	16	0
3487	16	0
3488	16	0
3489	16	0
3490	16	0
3491	16	0
3492	16	0
3493	16	0
3494	16	0
3495	17	0
3496	17	0
3497	17	0
3498	17	0
3499	17	0
3500	17	0
3501	17	0
3502	17	0
3503	17	0
3504	17	0
3505	17	0
3506	17	0
3507	17	0
3508	17	0
3509	17	0
3510	17	0
3511	17	0
3512	17	0
3513	17	0
3514	17	0
3515	17	0
3516	17	0
3517	17	0
3518	17	0
3519	17	0
3520	17	0
3521	17	0
3522	17	0
3523	17	0
3524	17	0
3525	17	0
3526	17	0
3527	17	0
3528	17	0
3529	17	0
3530	17	0
3531	17	0
3532	17	0
3533	17	0
3534	17	0
3535	17	0
3536	17	0
3537	17	0
3538	17	0
3539	17	0
3540	17	0
3541	17	0
3542	17	0
3543	17	0
3544	17	0
3545	17	0
3546	17	0
3547	17	0
3548	17	0
3549	17	0
3550	17	0
3551	17	0
3552	17	0
3553	17	0
3554	17	0
3555	17	0
3556	17	0
3557	17	0
3558	17	0
3559	17	0
3560	17	0
3561	17	0
3562	17	0
3563	17	0
3564	17	0
3565	17	0
3566	17	0
3567	17	0
3568	17	0
3569	17	0
3570	17	0
3571	17	0
3572	17	0
3573	17	0
3574	17	0
3575	17	0
3576	17	0
3577	17	0
3578	17	0
3579	17	0
3580	17	0
3581	17	0
3582	17	0
3583	17	0
3584	17	0
3585	17	0
3586	17	0
3587	17	0
3588	17	0
3589	17	0
3590	17	0
3591	17	0
3592	17	0
3593	17	0
3594	17	0
3595	17	0
3596	17	0
3597	17	0
3598	17	0
3599	17	0
3600	17	0
3601	17	0
3602	17	0
3603	17	0
3604	17	0
3605	17	0
3606	17	0
3607	18	0
3608	18	0
3609	18	0
3610	18	0
3611	18	0
3612	18	0
3613	18	0
3614	18	0
3615	18	0
3616	18	0
3617	18	0
3618	18	0
3619	18	0
3620	18	0
3621	18	0
3622	18	0
3623	18	0
3624	18	0
3625	18	0
3626	18	0
3627	18	0
3628	18	0
3629	18	0
3630	18	0
3631	18	0
3632	18	0
3633	18	0
3634	18	0
3635	18	0
3636	18	0
3637	18	0
3638	18	0
3639	18	0
3640	18	0
3641	18	0
3642	18	0
3643	18	0
3644	18	0
3645	18	0
3646	18	0
3647	18	0
3648	18	0
3649	18	0
3650	18	0
3651	18	0
3652	18	0
3653	18	0
3654	18	0
3655	18	0
3656	18	0
3657	18	0
3658	18	0
3659	18	0
3660	18	0
3661	18	0
3662	18	0
3663	18	0
3664	18	0
3665	18	0
3666	18	0
3667	18	0
3668	18	0
3669	18	0
3670	18	0
3671	18	0
3672	18	0
3673	18	0
3674	18	0
3675	18	0
3676	18	0
3677	18	0
3678	18	0
3679	18	0
3680	18	0
3681	18	0
3682	18	0
3683	18	0
3684	18	0
3685	18	0
3686	18	0
3687	18	0
3688	18	0
3689	18	0
3690	18	0
3691	18	0
3692	18	0
3693	18	0
3694	18	0
3695	18	0
3696	18	0
3697	18	0
3698	18	0
3699	18	0
3700	18	0
3701	18	0
3702	18	0
3703	18	0
3704	18	0
3705	18	0
3706	18	0
3707	18	0
3708	18	0
3709	18	0
3710	18	0
3711	18	0
3712	19	0
3713	19	0
3714	19	0
3715	19	0
3716	19	0
3717	19	0
3718	19	0
3719	19	0
3720	19	0
3721	19	0
3722	19	0
3723	19	0
3724	19	0
3725	19	0
3726	19	0
3727	19	0
3728	19	0
3729	19	0
3730	19	0
3731	19	0
3732	19	0
3733	19	0
3734	19	0
3735	19	0
3736	19	0
3737	19	0
3738	19	0
3739	19	0
3740	19	0
3741	19	0
3742	19	0
3743	19	0
3744	19	0
3745	19	0
3746	19	0
3747	19	0
3748	19	0
3749	19	0
3750	19	0
3751	19	0
3752	19	0
3753	19	0
3754	19	0
3755	19	0
3756	19	0
3757	19	0
3758	19	0
3759	19	0
3760	19	0
3761	20	0
3762	20	0
3763	20	0
3764	20	0
3765	20	0
3766	20	0
3767	20	0
3768	20	0
3769	20	0
3770	20	0
3771	20	0
3772	20	0
3773	20	0
3774	20	0
3775	20	0
3776	20	0
3777	20	0
3778	20	0
3779	20	0
3780	20	0
3781	20	0
3782	20	0
3783	20	0
3784	20	0
3785	20	0
3786	20	0
3787	20	0
3788	20	0
3789	20	0
3790	20	0
3791	20	0
3792	20	0
3793	20	0
3794	20	0
3795	20	0
3796	20	0
3797	20	0
3798	20	0
3799	20	0
3800	20	0
3801	20	0
3802	20	0
3803	20	0
3804	20	0
3805	20	0
3806	20	0
3807	20	0
3808	20	0
3809	20	0
3810	20	0
3811	20	0
3812	20	0
3813	20	0
3814	20	0
3815	20	0
3816	20	0
3817	20	0
3818	20	0
3819	20	0
3820	20	0
3821	20	0
3822	20	0
3823	20	0
3824	20	0
3825	20	0
3826	20	0
3827	20	0
3828	20	0
3829	20	0
3830	20	0
3831	20	0
3832	20	0
3833	20	0
3834	20	0
3835	20	0
3836	20	0
3837	20	0
3838	20	0
3839	20	0
3840	20	0
3841	20	0
3842	20	0
3843	20	0
3844	20	0
3845	20	0
3846	20	0
3847	20	0
3848	20	0
3849	20	0
3850	20	0
3851	20	0
3852	20	0
3853	20	0
3854	20	0
3855	20	0
3856	20	0
3857	20	0
3858	20	0
3859	20	0
3860	20	0
3861	20	0
3862	20	0
3863	20	0
3864	20	0
3865	20	0
3866	20	0
3867	20	0
3868	20	0
3869	20	0
3870	20	0
3871	20	0
3872	20	0
3873	20	0
3874	20	0
3875	20	0
3876	20	0
3877	20	0
3878	20	0
3879	20	0
3880	20	0
3881	20	0
3882	20	0
3883	20	0
3884	20	0
3885	20	0
3886	20	0
3887	20	0
3888	20	0
3889	20	0
3890	20	0
3891	20	0
3892	20	0
3893	20	0
3894	20	0
3895	20	0
3896	20	0
3897	20	1
3898	20	1
3899	20	1
3900	20	1
3901	20	1
3902	20	1
3903	20	1
3904	20	1
3905	20	1
3906	20	1
3907	20	1
3908	20	1
3909	20	1
3910	20	1
3911	20	1
3912	20	1
3913	20	1
3914	20	1
3915	20	1
3916	20	1
3917	20	1
3918	20	1
3919	20	1
3920	20	1
3921	20	1
3922	20	1
3923	20	1
3924	20	1
3925	20	1
3926	20	1
3927	20	1
3928	20	1
3929	20	1
3930	20	1
3931	20	1
3932	20	1
3933	20	1
3934	20	1
3935	20	1
3936	20	1
3937	20	1
3938	20	1
3939	20	1
3940	20	1
3941	20	1
3942	20	1
3943	20	1
3944	20	1
3945	20	1
3946	20	1
3947	20	1
3948	20	1
3949	20	1
3950	20	1
3951	20	1
3952	20	1
3953	21	1
3954	21	1
3955	21	1
3956	21	1
3957	21	1
3958	21	1
3959	21	1
3960	21	1
3961	21	1
3962	21	1
3963	21	1
3964	21	1
3965	21	1
3966	21	1
3967	21	1
3968	21	1
3969	21	1
3970	21	1
3971	21	1
3972	21	1
3973	21	1
3974	21	1
3975	21	1
3976	21	1
3977	21	1
3978	21	1
3979	21	1
3980	21	1
3981	21	1
3982	21	1
3983	21	1
3984	21	1
3985	21	1
3986	21	1
3987	21	1
3988	21	1
3989	21	1
3990	21	1
3991	21	1
3992	21	1
3993	21	1
3994	21	1
3995	21	1
3996	21	1
3997	21	1
3998	21	1
3999	21	1
4000	21	1
4001	21	1
4002	21	1
4003	21	1
4004	21	1
4005	21	1
4006	21	1
4007	21	1
4008	21	1
4009	21	1
4010	21	1
4011	21	1
4012	21	1
4013	21	1
4014	21	1
4015	21	1
4016	21	1
4017	21	1
4018	21	1
4019	21	1
4020	21	1
4021	21	1
4022	21	1
4023	21	1
4024	21	1
4025	21	1
4026	21	1
4027	21	1
4028	21	1
4029	21	1
4030	21	1
4031	21	1
4032	21	1
4033	21	1
4034	21	1
4035	21	1
4036	21	1
4037	21	1
4038	21	1
4039	21	1
4040	21	1
4041	21	1
4042	21	1
4043	21	1
4044	21	1
4045	21	1
4046	21	1
4047	21	1
4048	21	1
4049	21	1
4050	21	1
4051	21	1
4052	21	1
4053	21	1
4054	21	1
4055	21	1
4056	21	1
4057	21	1
4058	21	1
4059	21	1
4060	21	1
4061	21	1
4062	21	1
4063	21	1
4064	21	1
4065	21	1
4066	21	1
4067	21	1
4068	21	1
4069	21	1
4070	21	1
4071	21	1
4072	21	1
4073	21	1
4074	21	1
4075	21	1
4076	21	1
4077	21	1
4078	21	1
4079	21	1
4080	21	1
4081	21	1
4082	21	1
4083	21	1
4084	21	1
4085	21	1
4086	21	1
4087	21	1
4088	21	1
4089	21	1
4090	21	1
4091	21	1
4092	21	1
4093	21	1
4094	21	1
4095	21	1
4096	22	1
4097	22	1
4098	22	1
4099	22	1
4100	22	1
4101	22	1
4102	22	1
4103	22	1
4104	22	1
4105	22	1
4106	22	1
4107	22	1
4108	22	1
4109	22	1
4110	22	1
4111	22	1
4112	22	1
4113	22	1
4114	22	1
4115	22	1
4116	22	1
4117	22	1
4118	22	1
4119	22	1
4120	22	1
4121	22	1
4122	22	1
4123	22	1
4124	22	1
4125	22	1
4126	22	1
4127	22	1
4128	22	1
4129	22	1
4130	22	1
4131	22	1
4132	22	1
4133	22	1
4134	22	1
4135	22	1
4136	22	1
4137	22	1
4138	22	1
4139	22	1
4140	22	1
4141	22	1
4142	22	1
4143	22	1
4144	22	1
4145	22	1
4146	22	1
4147	22	1
4148	22	1
4149	22	1
4150	22	1
4151	22	1
4152	22	1
4153	22	1
4154	22	1
4155	22	1
4156	22	1
4157	22	1
4158	22	1
4159	22	1
4160	22	1
4161	22	1
4162	22	1
4163	22	1
4164	22	1
4165	22	1
4166	22	1
4167	22	1
4168	22	1
4169	22	1
4170	22	1
4171	22	1
4172	22	1
4173	22	1
4174	22	1
4175	22	1
4176	22	1
4177	22	1
4178	22	1
4179	22	1
4180	22	1
4181	22	1
4182	22	1
4183	22	1
4184	22	1
4185	22	1
4186	22	1
4187	22	1
4188	22	1
4189	22	1
4190	22	1
4191	22	1
4192	22	1
4193	22	1
4194	22	1
4195	22	1
4196	22	1
4197	22	1
4198	22	1
4199	22	1
4200	22	1
4201	22	1
4202	22	1
4203	22	1
4204	22	1
4205	22	1
4206	22	1
4207	22	1
4208	22	1
4209	22	1
4210	22	1
4211	22	1
4212	22	1
4213	22	1
4214	22	1
4215	22	1
4216	22	1
4217	22	1
4218	22	1
4219	22	1
4220	22	1
4221	22	1
4222	22	1
4223	22	1
4224	22	1
4225	22	1
4226	22	1
4227	22	1
4228	22	1
4229	22	1
4230	22	1
4231	22	1
4232	22	1
4233	22	1
4234	22	1
4235	22	1
4236	22	1
4237	22	1
4238	22	1
4239	22	1
4240	22	1
4241	22	1
4242	22	1
4243	22	1
4244	22	1
4245	22	1
4246	22	1
4247	22	1
4248	22	1
4249	22	1
4250	22	1
4251	22	1
4252	22	1
4253	22	1
4254	22	1
4255	22	1
4256	22	1
4257	22	1
4258	22	1
4259	22	1
4260	22	1
4261	22	1
4262	22	1
4263	22	1
4264	22	1
4265	22	1
4266	22	1
4267	22	1
4268	22	1
4269	22	1
4270	22	1
4271	22	1
4272	22	1
4273	22	1
4274	22	1
4275	22	1
4276	22	1
4277	22	1
4278	22	1
4279	22	1
4280	22	1
4281	22	1
4282	22	1
4283	22	1
4284	22	1
4285	22	1
4286	22	1
4287	22	1
4288	22	1
4289	22	1
4290	22	1
4291	22	1
4292	22	1
4293	22	1
4294	22	1
4295	22	1
4296	22	1
4297	22	1
4298	22	1
4299	22	1
4300	22	1
4301	22	1
4302	22	1
4303	22	1
4304	22	1
4305	22	1
4306	22	1
4307	22	1
4308	22	1
4309	22	1
4310	22	1
4311	22	1
4312	22	1
4313	22	1
4314	22	1
4315	22	1
4316	22	1
4317	22	1
4318	22	1
4319	22	1
4320	22	1
4321	22	1
4322	22	1
4323	22	1
4324	22	1
4325	22	1
4326	22	1
4327	22	1
4328	22	1
4329	22	1
4330	22	1
4331	22	1
4332	22	1
4333	22	1
4334	22	1
4335	22	1
4336	22	1
4337	22	1
4338	22	1
4339	22	1
4340	22	1
4341	22	1
4342	22	1
4343	22	1
4344	22	1
4345	22	1
4346	22	1
4347	22	1
4348	22	1
4349	22	1
4350	22	1
4351	22	1
4352	22	1
4353	22	1
4354	22	1
4355	22	1
4356	22	1
4357	22	1
4358	22	1
4359	22	1
4360	22	1
4361	22	1
4362	22	1
4363	22	1
4364	22	1
4365	22	1
4366	22	1
4367	22	1
4368	22	1
4369	22	1
4370	22	1
4371	22	1
4372	22	1
4373	22	1
4374	22	1
4375	22	1
4376	22	1
4377	22	1
4378	22	1
4379	22	1
4380	22	1
4381	22	1
4382	22	1
4383	22	1
4384	22	1
4385	22	1
4386	22	1
4387	22	1
4388	22	1
4389	22	1
4390	22	1
4391	22	1
4392	22	1
4393	22	1
4394	22	1
4395	22	1
4396	22	1
4397	22	1
4398	22	1
4399	22	1
4400	22	1
4401	23	1
4402	23	1
4403	23	1
4404	23	1
4405	23	1
4406	23	1
4407	23	1
4408	23	1
4409	23	1
4410	23	1
4411	23	1
4412	23	1
4413	23	1
4414	23	1
4415	23	1
4416	23	1
4417	23	1
4418	23	1
4419	23	1
4420	23	1
4421	23	1
4422	23	1
4423	23	1
4424	23	1
4425	23	1
4426	23	1
4427	23	1
4428	23	1
4429	23	1
4430	23	1
4431	23	1
4432	23	1
4433	23	1
4434	23	1
4435	23	1
4436	23	1
4437	23	1
4438	23	1
4439	23	1
4440	23	1
4441	23	1
4442	23	1
4443	23	1
4444	23	1
4445	23	1
4446	23	1
4447	23	1
4448	23	1
4449	23	1
4450	23	1
4451	23	1
4452	23	1
4453	23	1
4454	23	1
4455	23	1
4456	23	1
4457	23	1
4458	23	1
4459	23	1
4460	23	1
4461	23	1
4462	23	1
4463	23	1
4464	23	1
4465	23	1
4466	23	1
4467	23	1
4468	23	1
4469	23	1
4470	23	1
4471	23	1
4472	23	1
4473	23	1
4474	23	1
4475	23	1
4476	23	1
4477	23	1
4478	23	1
4479	23	1
4480	23	1
4481	23	1
4482	23	1
4483	23	1
4484	23	1
4485	23	1
4486	23	1
4487	23	1
4488	23	1
4489	23	1
4490	23	1
4491	23	1
4492	23	1
4493	23	1
4494	23	1
4495	23	1
4496	23	1
4497	23	1
4498	23	1
4499	23	1
4500	23	1
4501	23	1
4502	23	1
4503	23	1
4504	23	1
4505	23	1
4506	23	1
4507	23	1
4508	23	1
4509	23	1
4510	23	1
4511	23	1
4512	23	1
4513	23	1
4514	23	1
4515	23	1
4516	23	1
4517	23	1
4518	23	1
4519	23	1
4520	23	1
4521	23	1
4522	23	1
4523	23	1
4524	23	1
4525	23	1
4526	23	1
4527	23	1
4528	23	1
4529	23	1
4530	23	1
4531	23	1
4532	23	1
4533	23	1
4534	23	1
4535	23	1
4536	23	1
4537	24	1
4538	24	1
4539	24	1
4540	24	1
4541	24	1
4542	24	1
4543	24	1
4544	24	1
4545	24	1
4546	24	1
4547	24	1
4548	24	1
4549	24	1
4550	24	1
4551	24	1
4552	24	1
4553	24	1
4554	24	1
4555	24	1
4556	24	1
4557	24	1
4558	24	1
4559	24	1
4560	24	1
4561	24	1
4562	24	1
4563	24	1
4564	24	1
4565	24	1
4566	24	1
4567	24	1
4568	24	1
4569	24	1
4570	24	1
4571	24	1
4572	24	1
4573	24	1
4574	24	1
4575	24	1
4576	24	1
4577	24	1
4578	24	1
4579	24	1
4580	24	1
4581	24	1
4582	24	1
4583	24	1
4584	24	1
4585	24	1
4586	24	1
4587	24	1
4588	24	1
4589	24	1
4590	24	1
4591	24	1
4592	24	1
4593	24	1
4594	24	1
4595	24	1
4596	24	1
4597	24	1
4598	24	1
4599	24	1
4600	24	1
4601	24	1
4602	24	1
4603	24	1
4604	24	1
4605	24	1
4606	24	1
4607	24	1
4608	24	1
4609	24	1
4610	24	1
4611	24	1
4612	24	1
4613	24	1
4614	24	1
4615	24	1
4616	24	1
4617	24	1
4618	24	1
4619	24	1
4620	24	1
4621	24	1
4622	24	1
4623	24	1
4624	24	1
4625	24	1
4626	24	1
4627	24	1
4628	24	1
4629	24	1
4630	24	1
4631	24	1
4632	24	1
4633	24	1
4634	24	1
4635	24	1
4636	24	1
4637	24	1
4638	24	1
4639	24	1
4640	24	1
4641	24	1
4642	24	1
4643	24	1
4644	24	1
4645	24	1
4646	24	1
4647	24	1
4648	24	1
4649	24	1
4650	24	1
4651	24	1
4652	24	1
4653	24	1
4654	24	1
4655	24	1
4656	24	1
4657	24	1
4658	24	1
4659	24	1
4660	24	1
4661	24	1
4662	24	1
4663	24	1
4664	24	1
4665	24	1
4666	24	1
4667	24	1
4668	24	1
4669	24	1
4670	24	1
4671	24	1
4672	24	1
4673	24	1
4674	24	1
4675	24	1
4676	24	1
4677	24	1
4678	24	1
4679	24	1
4680	24	1
4681	24	1
4682	24	1
4683	24	1
4684	24	1
4685	24	1
4686	24	1
4687	24	1
4688	24	1
4689	24	1
4690	24	1
4691	24	1
4692	24	1
4693	24	1
4694	24	1
4695	24	1
4696	24	1
4697	24	1
4698	24	1
4699	24	1
4700	24	1
4701	24	1
4702	24	1
4703	24	1
4704	24	1
4705	24	1
4706	24	1
4707	24	1
4708	24	1
4709	24	1
4710	24	1
4711	24	1
4712	24	1
4713	24	1
4714	24	1
4715	24	1
4716	24	1
4717	24	1
4718	24	1
4719	24	1
4720	24	1
4721	24	1
4722	24	1
4723	24	1
4724	24	1
4725	24	1
4726	24	1
4727	24	1
4728	24	1
4729	24	1
4730	24	1
4731	24	1
4732	24	1
4733	24	1
4734	24	1
4735	24	1
4736	24	1
4737	24	1
4738	24	1
4739	24	1
4740	25	1
4741	25	1
4742	25	1
4743	25	1
4744	25	1
4745	25	1
4746	26	1
4747	26	1
4748	26	1
4749	26	1
4750	26	1
4751	26	1
4752	26	1
4753	26	1
4754	26	1
4755	26	1
4756	26	1
4757	26	1
4758	26	1
4759	26	1
4760	26	1
4761	26	1
4762	26	1
4763	26	1
4764	26	1
4765	26	1
4766	26	1
4767	26	1
4768	26	1
4769	26	1
4770	26	1
4771	26	1
4772	26	1
4773	26	1
4774	26	1
4775	26	1
4776	26	1
4777	26	1
4778	26	1
4779	26	1
4780	26	1
4781	26	1
4782	26	1
4783	26	1
4784	26	1
4785	26	1
4786	26	1
4787	26	1
4788	26	1
4789	26	1
4790	26	1
4791	26	1
4792	26	1
4793	26	1
4794	26	1
4795	26	1
4796	26	1
4797	26	1
4798	26	1
4799	26	1
4800	26	1
4801	26	1
4802	26	1
4803	26	1
4804	26	1
4805	26	1
4806	26	1
4807	26	1
4808	26	1
4809	26	1
4810	26	1
4811	26	1
4812	26	1
4813	26	1
4814	26	1
4815	26	1
4816	26	1
4817	26	1
4818	26	1
4819	26	1
4820	26	1
4821	26	1
4822	26	1
4823	26	1
4824	26	1
4825	26	1
4826	26	1
4827	26	1
4828	26	1
4829	26	1
4830	26	1
4831	26	1
4832	26	1
4833	26	1
4834	26	1
4835	26	1
4836	26	1
4837	26	1
4838	26	1
4839	26	1
4840	26	1
4841	26	1
4842	26	1
4843	26	1
4844	26	1
4845	26	1
4846	26	1
4847	26	1
4848	26	1
4849	26	1
4850	26	1
4851	26	1
4852	26	1
4853	26	1
4854	26	1
4855	26	1
4856	26	1
4857	26	1
4858	26	1
4859	26	1
4860	26	1
4861	26	1
4862	26	1
4863	26	1
4864	26	1
4865	26	1
4866	26	1
4867	26	1
4868	26	1
4869	26	1
4870	26	1
4871	26	1
4872	26	1
4873	26	1
4874	26	1
4875	26	1
4876	26	1
4877	26	1
4878	26	1
4879	26	1
4880	26	1
4881	26	1
4882	26	1
4883	26	1
4884	26	1
4885	26	1
4886	26	1
4887	26	1
4888	26	1
4889	26	1
4890	26	1
4891	26	1
4892	26	1
4893	26	1
4894	26	1
4895	26	1
4896	26	1
4897	26	1
4898	26	1
4899	26	1
4900	26	1
4901	26	1
4902	26	1
4903	26	1
4904	26	1
4905	26	1
4906	26	1
4907	26	1
4908	26	1
4909	26	1
4910	26	1
4911	26	1
4912	26	1
4913	26	1
4914	26	1
4915	26	1
4916	26	1
4917	26	1
4918	26	1
4919	26	1
4920	26	1
4921	26	1
4922	26	1
4923	26	1
4924	26	1
4925	27	1
4926	27	1
4927	27	1
4928	27	1
4929	27	1
4930	27	1
4931	27	1
4932	27	1
4933	27	1
4934	27	1
4935	27	1
4936	27	1
4937	27	1
4938	27	1
4939	27	1
4940	27	1
4941	27	1
4942	27	1
4943	27	1
4944	27	1
4945	27	1
4946	27	1
4947	27	1
4948	27	1
4949	27	1
4950	27	1
4951	27	1
4952	27	1
4953	27	1
4954	27	1
4955	27	1
4956	27	1
4957	27	1
4958	27	1
4959	27	1
4960	27	1
4961	27	1
4962	27	1
4963	27	1
4964	27	1
4965	27	1
4966	27	1
4967	27	1
4968	27	1
4969	27	1
4970	27	1
4971	27	1
4972	27	1
4973	27	1
4974	27	1
4975	27	1
4976	27	1
4977	27	1
4978	27	1
4979	27	1
4980	27	1
4981	27	1
4982	27	1
4983	27	1
4984	27	1
4985	27	1
4986	27	1
4987	27	1
4988	27	1
4989	27	1
4990	27	1
4991	27	1
4992	27	1
4993	27	1
4994	27	1
4995	27	1
4996	27	1
4997	27	1
4998	27	1
4999	27	1
5000	27	1
5001	27	1
5002	27	1
5003	27	1
5004	27	1
5005	27	1
5006	27	1
5007	27	1
5008	27	1
5009	27	1
5010	27	1
5011	27	1
5012	27	1
5013	27	1
5014	27	1
5015	27	1
5016	27	1
5017	27	1
5018	27	1
5019	27	1
5020	27	1
5021	27	1
5022	27	1
5023	27	1
5024	27	1
5025	27	1
5026	27	1
5027	27	1
5028	27	1
5029	27	1
5030	27	1
5031	27	1
5032	27	1
5033	27	1
5034	27	1
5035	27	1
5036	27	1
5037	27	1
5038	27	1
5039	27	1
5040	27	1
5041	27	1
5042	27	1
5043	27	1
5044	27	1
5045	27	1
5046	27	1
5047	27	1
5048	27	1
5049	27	1
5050	27	1
5051	28	1
5052	28	1
5053	28	1
5054	28	1
5055	28	1
5056	28	1
5057	28	1
5058	28	1
5059	28	1
5060	28	1
5061	28	1
5062	28	1
5063	28	1
5064	28	1
5065	28	1
5066	28	1
5067	28	1
5068	28	1
5069	28	1
5070	28	1
5071	28	1
5072	28	1
5073	28	1
5074	28	1
5075	28	1
5076	28	1
5077	28	1
5078	28	1
5079	28	1
5080	28	1
5081	28	1
5082	28	1
5083	28	1
5084	28	1
5085	28	1
5086	28	1
5087	28	1
5088	28	1
5089	28	1
5090	28	1
5091	28	1
5092	28	1
5093	28	1
5094	28	1
5095	28	1
5096	28	1
5097	28	1
5098	28	1
5099	28	1
5100	28	1
5101	28	1
5102	28	1
5103	28	1
5104	28	1
5105	28	1
5106	28	1
5107	28	1
5108	28	1
5109	28	1
5110	28	1
5111	28	1
5112	28	1
5113	28	1
5114	28	1
5115	28	1
5116	28	1
5117	28	1
5118	28	1
5119	28	1
5120	28	1
5121	28	1
5122	28	1
5123	28	1
5124	28	1
5125	28	1
5126	28	1
5127	28	1
5128	28	1
5129	28	1
5130	28	1
5131	28	1
5132	28	1
5133	28	1
5134	28	1
5135	28	1
5136	28	1
5137	28	1
5138	28	1
5139	28	1
5140	28	1
5141	28	1
5142	28	1
5143	28	1
5144	28	1
5145	28	1
5146	28	1
5147	28	1
5148	28	1
5149	28	1
5150	28	1
5151	28	1
5152	28	1
5153	28	1
5154	28	1
5155	28	1
5156	28	1
5157	28	1
5158	28	1
5159	28	1
5160	28	1
5161	28	1
5162	28	1
5163	28	1
5164	28	1
5165	28	1
5166	28	1
5167	28	1
5168	28	1
5169	28	1
5170	28	1
5171	28	1
5172	28	1
5173	28	1
5174	28	1
5175	28	1
5176	28	1
5177	28	1
5178	28	1
5179	28	1
5180	28	1
5181	28	1
5182	28	1
5183	28	1
5184	28	1
5185	28	1
5186	28	1
5187	28	1
5188	28	1
5189	28	1
5190	28	1
5191	28	1
5192	28	1
5193	28	1
5194	28	1
5195	28	1
5196	28	1
5197	28	1
5198	28	1
5199	28	1
5200	28	1
5201	28	1
5202	28	1
5203	28	1
5204	28	1
5205	29	1
5206	29	1
5207	29	1
5208	29	1
5209	29	1
5210	29	1
5211	29	1
5212	29	1
5213	29	1
5214	29	1
5215	29	1
5216	29	1
5217	29	1
5218	29	1
5219	29	1
5220	29	1
5221	29	1
5222	29	1
5223	29	1
5224	29	1
5225	29	1
5226	29	1
5227	29	1
5228	29	1
5229	29	1
5230	29	1
5231	29	1
5232	29	1
5233	29	1
5234	29	1
5235	29	1
5236	29	1
5237	29	1
5238	29	1
5239	29	1
5240	29	1
5241	29	1
5242	29	1
5243	29	1
5244	29	1
5245	29	1
5246	29	1
5247	29	1
5248	29	1
5249	29	1
5250	29	1
5251	29	1
5252	29	1
5253	29	1
5254	29	1
5255	29	1
5256	29	1
5257	29	1
5258	29	1
5259	29	1
5260	29	1
5261	29	1
5262	29	1
5263	29	1
5264	29	1
5265	29	1
5266	29	1
5267	29	1
5268	29	1
5269	29	1
5270	29	1
5271	29	1
5272	29	1
5273	29	1
5274	29	1
5275	29	1
5276	29	1
5277	29	1
5278	29	1
5279	29	1
5280	29	1
5281	29	1
5282	29	1
5283	29	1
5284	29	1
5285	29	1
5286	29	1
5287	29	1
5288	29	1
5289	29	1
5290	29	1
5291	29	1
5292	29	1
5293	29	1
5294	29	1
5295	29	1
5296	29	1
5297	29	1
5298	29	1
5299	29	1
5300	29	1
5301	29	1
5302	29	1
5303	29	1
5304	29	1
5305	29	1
5306	29	1
5307	29	1
5308	29	1
5309	29	1
5310	29	1
5311	29	1
5312	29	1
5313	29	1
5314	29	1
5315	29	1
5316	29	1
5317	29	1
5318	29	1
5319	29	1
5320	29	1
5321	29	1
5322	29	1
5323	29	1
5324	29	1
5325	29	1
5326	29	1
5327	29	1
5328	29	1
5329	29	1
5330	29	1
5331	29	1
5332	29	1
5333	29	1
5334	29	1
5335	29	1
5336	29	1
5337	29	1
5338	29	1
5339	29	1
5340	29	1
5341	29	1
5342	29	1
5343	29	1
5344	29	1
5345	29	1
5346	29	1
5347	29	1
5348	29	1
5349	29	1
5350	29	1
5351	29	1
5352	29	1
5353	29	1
5354	29	1
5355	29	1
5356	29	1
5357	29	1
5358	29	1
5359	29	1
5360	29	1
5361	29	1
5362	29	1
5363	29	1
5364	29	1
5365	29	1
5366	29	1
5367	29	1
5368	29	1
5369	29	1
5370	29	1
5371	29	1
5372	29	1
5373	29	1
5374	29	1
5375	29	1
5376	29	1
5377	29	1
5378	29	1
5379	29	1
5380	29	1
5381	29	1
5382	29	1
5383	29	1
5384	29	1
5385	29	1
5386	29	1
5387	29	1
5388	29	1
5389	29	1
5390	29	1
5391	29	1
5392	29	1
5393	29	1
5394	29	1
5395	29	1
5396	29	1
5397	29	1
5398	29	1
5399	29	1
5400	29	1
5401	29	1
5402	29	1
5403	29	1
5404	29	1
5405	29	1
5406	29	1
5407	29	1
5408	29	1
5409	29	1
5410	29	1
5411	29	1
5412	29	1
5413	29	1
5414	29	1
5415	29	1
5416	29	1
5417	29	1
5418	29	1
5419	29	1
5420	29	1
5421	29	1
5422	29	1
5423	29	1
5424	29	1
5425	29	1
5426	29	1
5427	29	1
5428	29	1
5429	29	1
5430	29	1
5431	29	1
5432	29	1
5433	29	1
5434	29	1
5435	29	1
5436	29	1
5437	29	1
5438	29	1
5439	29	1
5440	29	1
5441	29	1
5442	29	1
5443	29	1
5444	29	1
5445	29	1
5446	29	1
5447	29	1
5448	29	1
5449	29	1
5450	29	1
5451	29	1
5452	29	1
5453	29	1
5454	29	1
5455	29	1
5456	29	1
5457	29	1
5458	29	1
5459	29	1
5460	29	1
5461	29	1
5462	29	1
5463	29	1
5464	29	1
5465	29	1
5466	29	1
5467	29	1
5468	29	1
5469	29	1
5470	29	1
5471	29	1
5472	29	1
5473	29	1
5474	29	1
5475	29	1
5476	29	1
5477	29	1
5478	29	1
5479	29	1
5480	29	1
5481	29	1
5482	29	1
5483	29	2
5484	29	2
5485	29	2
5486	29	2
5487	29	2
5488	29	2
5489	29	2
5490	29	2
5491	29	2
5492	29	2
5493	29	2
5494	29	2
5495	29	2
5496	29	2
5497	29	2
5498	29	2
5499	29	2
5500	29	2
5501	29	2
5502	29	2
5503	29	2
5504	29	2
5505	29	2
5506	29	2
5507	29	2
5508	29	2
5509	29	2
5510	29	2
5511	29	2
5512	29	2
5513	29	2
5514	29	2
5515	29	2
5516	29	2
5517	29	2
5518	29	2
5519	29	2
5520	29	2
5521	29	2
5522	29	2
5523	29	2
5524	29	2
5525	29	2
5526	29	2
5527	29	2
5528	29	2
5529	29	2
5530	29	2
5531	29	2
5532	29	2
5533	29	2
5534	29	2
5535	29	2
5536	29	2
5537	29	2
5538	29	2
5539	29	2
5540	29	2
5541	29	2
5542	29	2
5543	29	2
5544	29	2
5545	29	2
5546	29	2
5547	29	2
5548	29	2
5549	29	2
5550	29	2
5551	29	2
5552	29	2
5553	29	2
5554	29	2
5555	29	2
5556	29	2
5557	29	2
5558	29	2
5559	29	2
5560	29	2
5561	29	2
5562	29	2
5563	29	2
5564	29	2
5565	29	2
5566	29	2
5567	29	2
5568	29	2
5569	29	2
5570	29	2
5571	29	2
5572	29	2
5573	29	2
5574	29	2
5575	29	2
5576	29	2
5577	29	2
5578	29	2
5579	29	2
5580	29	2
5581	29	2
5582	29	2
5583	29	2
5584	29	2
5585	29	2
5586	29	2
5587	29	2
5588	29	2
5589	29	2
5590	29	2
5591	29	2
5592	29	2
5593	29	2
5594	29	2
5595	29	2
5596	29	2
5597	29	2
5598	29	2
5599	29	2
5600	29	2
5601	29	2
5602	29	2
5603	29	2
5604	29	2
5605	29	2
5606	29	2
5607	29	2
5608	29	2
5609	29	2
5610	29	2
5611	29	2
5612	29	2
5613	29	2
5614	29	2
5615	29	2
5616	29	2
5617	29	2
5618	29	2
5619	29	2
5620	29	2
5621	29	2
5622	29	2
5623	29	2
5624	29	2
5625	29	2
5626	29	2
5627	29	2
5628	29	2
5629	29	2
5630	29	2
5631	29	2
5632	29	2
5633	29	2
5634	29	2
5635	29	2
5636	29	2
5637	29	2
5638	29	2
5639	29	2
5640	29	2
5641	29	2
5642	29	2
5643	29	2
5644	29	2
5645	29	2
5646	29	2
5647	29	2
5648	29	2
5649	29	2
5650	29	2
5651	29	2
5652	29	2
5653	29	2
5654	29	2
5655	29	2
5656	29	2
5657	29	2
5658	29	2
5659	29	2
5660	29	2
5661	29	2
5662	29	2
5663	29	2
5664	29	2
5665	29	2
5666	29	2
5667	29	2
5668	29	2
5669	29	2
5670	29	2
5671	29	2
5672	29	2
5673	29	2
5674	29	2
5675	29	2
5676	29	2
5677	29	2
5678	29	2
5679	29	2
5680	29	2
5681	29	2
5682	29	2
5683	29	2
5684	29	2
5685	29	2
5686	29	2
5687	29	2
5688	29	2
5689	29	2
5690	29	2
5691	29	2
5692	29	2
5693	29	2
5694	29	2
5695	29	2
5696	29	2
5697	29	2
5698	29	2
5699	29	2
5700	29	2
5701	29	2
5702	29	2
5703	29	2
5704	29	2
5705	29	2
5706	29	2
5707	29	2
5708	29	2
5709	29	2
5710	29	2
5711	29	2
5712	29	2
5713	29	2
5714	29	2
5715	29	2
5716	29	2
5717	29	2
5718	29	2
5719	29	2
5720	29	2
5721	29	2
5722	29	2
5723	29	2
5724	29	2
5725	29	2
5726	29	2
5727	29	2
5728	29	2
5729	29	2
5730	29	2
5731	29	2
5732	29	2
5733	29	2
5734	29	2
5735	29	2
5736	29	2
5737	29	2
5738	29	2
5739	29	2
5740	29	2
5741	29	2
5742	29	2
5743	29	2
5744	29	2
5745	29	2
5746	29	2
5747	29	2
5748	29	2
5749	29	2
5750	29	2
5751	29	2
5752	29	2
5753	29	2
5754	29	2
5755	29	2
5756	29	2
5757	29	2
5758	29	2
5759	29	2
5760	29	2
5761	29	2
5762	29	2
5763	29	2
5764	29	2
5765	29	2
5766	29	2
5767	29	2
5768	29	2
5769	29	2
5770	29	2
5771	29	2
5772	29	2
5773	29	2
5774	29	2
5775	29	2
5776	29	2
5777	29	2
5778	29	2
5779	29	2
5780	29	2
5781	29	2
5782	29	2
5783	29	2
5784	29	2
5785	29	2
5786	29	2
5787	29	2
5788	29	2
5789	29	2
5790	29	2
5791	29	2
5792	29	2
5793	29	2
5794	29	2
5795	29	2
5796	29	2
5797	29	2
5798	29	2
5799	29	2
5800	29	2
5801	29	2
5802	29	2
5803	29	2
5804	29	2
5805	29	2
5806	29	2
5807	29	2
5808	29	2
5809	29	2
5810	29	2
5811	29	2
5812	29	2
5813	29	2
5814	29	2
5815	29	2
5816	29	2
5817	29	2
5818	29	2
5819	29	2
5820	29	2
5821	29	2
5822	29	2
5823	29	2
5824	29	2
5825	29	2
5826	29	2
5827	29	2
5828	29	2
5829	29	2
5830	29	2
5831	29	2
5832	29	2
5833	29	2
5834	29	2
5835	29	2
5836	29	2
5837	29	2
5838	29	2
5839	29	2
5840	29	2
5841	29	2
5842	29	2
5843	29	2
5844	29	2
5845	29	2
5846	29	2
5847	29	2
5848	29	2
5849	29	2
5850	29	2
5851	29	2
5852	29	2
5853	29	2
5854	29	2
5855	29	2
5856	29	2
5857	29	2
5858	29	2
5859	29	2
5860	29	2
5861	29	2
5862	29	2
5863	29	2
5864	29	2
5865	29	2
5866	29	2
5867	29	2
5868	29	2
5869	29	2
5870	29	2
5871	29	2
5872	29	2
5873	29	2
5874	29	2
5875	29	2
5876	29	2
5877	29	2
5878	29	2
5879	29	2
5880	29	2
5881	30	2
5882	30	2
5883	30	2
5884	30	2
5885	30	2
5886	30	2
5887	30	2
5888	30	2
5889	30	2
5890	30	2
5891	30	2
5892	30	2
5893	30	2
5894	30	2
5895	30	2
5896	30	2
5897	30	2
5898	30	2
5899	30	2
5900	30	2
5901	30	2
5902	30	2
5903	30	2
5904	30	2
5905	30	2
5906	30	2
5907	30	2
5908	30	2
5909	30	2
5910	30	2
5911	30	2
5912	30	2
5913	30	2
5914	30	2
5915	30	2
5916	30	2
5917	30	2
5918	30	2
5919	30	2
5920	30	2
5921	30	2
5922	30	2
5923	30	2
5924	30	2
5925	30	2
5926	30	2
5927	30	2
5928	30	2
5929	30	2
5930	30	2
5931	30	2
5932	30	2
5933	30	2
5934	30	2
5935	30	2
5936	30	2
5937	30	2
5938	30	2
5939	30	2
5940	30	2
5941	30	2
5942	30	2
5943	30	2
5944	30	2
5945	30	2
5946	30	2
5947	30	2
5948	30	2
5949	30	2
5950	30	2
5951	30	2
5952	30	2
5953	30	2
5954	30	2
5955	30	2
5956	30	2
5957	30	2
5958	30	2
5959	30	2
5960	30	2
5961	30	2
5962	30	2
5963	30	2
5964	30	2
5965	30	2
5966	30	2
5967	30	2
5968	30	2
5969	30	2
5970	30	2
5971	30	2
5972	30	2
5973	30	2
5974	30	2
5975	30	2
5976	30	2
5977	30	2
5978	30	2
5979	30	2
5980	30	2
5981	30	2
5982	30	2
5983	30	2
5984	30	2
5985	30	2
5986	30	2
5987	30	2
5988	30	2
5989	30	2
5990	30	2
5991	30	2
5992	30	2
5993	30	2
5994	30	2
5995	30	2
5996	30	2
5997	30	2
5998	30	2
5999	30	2
6000	30	2
6001	30	2
6002	30	2
6003	30	2
6004	30	2
6005	30	2
6006	30	2
6007	30	2
6008	30	2
6009	30	2
6010	30	2
6011	30	2
6012	30	2
6013	30	2
6014	30	2
6015	30	2
6016	30	2
6017	30	2
6018	30	2
6019	30	2
6020	30	2
6021	30	2
6022	30	2
6023	30	2
6024	30	2
6025	30	2
6026	30	2
6027	30	2
6028	30	2
6029	30	2
6030	30	2
6031	30	2
6032	30	2
6033	30	2
6034	30	2
6035	30	2
6036	30	2
6037	30	2
6038	30	2
6039	30	2
6040	30	2
6041	30	2
6042	30	2
6043	30	2
6044	30	2
6045	30	2
6046	30	2
6047	30	2
6048	30	2
6049	30	2
6050	30	2
6051	30	2
6052	30	2
6053	30	2
6054	30	2
6055	30	2
6056	30	2
6057	30	2
6058	30	2
6059	30	2
6060	30	2
6061	30	2
6062	30	2
6063	30	2
6064	30	2
6065	30	2
6066	30	2
6067	30	2
6068	30	2
6069	30	2
6070	30	2
6071	30	2
6072	30	2
6073	30	2
6074	30	2
6075	30	2
6076	30	2
6077	30	2
6078	30	2
6079	30	2
6080	30	2
6081	30	2
6082	30	2
6083	30	2
6084	30	2
6085	30	2
6086	30	2
6087	30	2
6088	30	2
6089	30	2
6090	30	2
6091	30	2
6092	30	2
6093	30	2
6094	30	2
6095	30	2
6096	30	2
6097	30	2
6098	30	2
6099	30	2
6100	30	2
6101	30	2
6102	30	2
6103	30	2
6104	30	2
6105	30	2
6106	30	2
6107	30	2
6108	30	2
6109	30	2
6110	30	2
6111	30	2
6112	30	2
6113	30	2
6114	30	2
6115	30	2
6116	30	2
6117	30	2
6118	30	2
6119	30	2
6120	30	2
6121	30	2
6122	31	2
6123	31	2
6124	31	2
6125	31	2
6126	31	2
6127	31	2
6128	31	2
6129	31	2
6130	31	2
6131	31	2
6132	31	2
6133	31	2
6134	31	2
6135	31	2
6136	31	2
6137	31	2
6138	31	2
6139	31	2
6140	31	2
6141	31	2
6142	31	2
6143	31	2
6144	31	2
6145	31	2
6146	31	2
6147	31	2
6148	31	2
6149	31	2
6150	31	2
6151	31	2
6152	31	2
6153	31	2
6154	31	2
6155	31	2
6156	31	2
6157	31	2
6158	31	2
6159	31	2
6160	31	2
6161	31	2
6162	31	2
6163	31	2
6164	31	2
6165	31	2
6166	31	2
6167	31	2
6168	31	2
6169	31	2
6170	31	2
6171	31	2
6172	31	2
6173	31	2
6174	31	2
6175	31	2
6176	31	2
6177	31	2
6178	31	2
6179	31	2
6180	31	2
6181	31	2
6182	31	2
6183	31	2
6184	31	2
6185	31	2
6186	31	2
6187	31	2
6188	31	2
6189	31	2
6190	31	2
6191	31	2
6192	31	2
6193	31	2
6194	31	2
6195	31	2
6196	31	2
6197	31	2
6198	31	2
6199	31	2
6200	31	2
6201	31	2
6202	31	2
6203	31	2
6204	31	2
6205	31	2
6206	31	2
6207	31	2
6208	31	2
6209	31	2
6210	31	2
6211	31	2
6212	31	2
6213	31	2
6214	31	2
6215	31	2
6216	31	2
6217	31	2
6218	31	2
6219	31	2
6220	31	2
6221	31	2
6222	31	2
6223	31	2
6224	31	2
6225	31	2
6226	31	2
6227	31	2
6228	31	2
6229	31	2
6230	31	2
6231	31	2
6232	31	2
6233	31	2
6234	31	2
6235	31	2
6236	31	2
6237	31	2
6238	31	2
6239	31	2
6240	31	2
6241	31	2
6242	31	2
6243	31	2
6244	31	2
6245	31	2
6246	31	2
6247	31	2
6248	31	2
6249	31	2
6250	31	2
6251	31	2
6252	31	2
6253	31	2
6254	31	2
6255	31	2
6256	31	2
6257	31	2
6258	31	2
6259	31	2
6260	31	2
6261	31	2
6262	31	2
6263	31	2
6264	31	2
6265	31	2
6266	31	2
6267	31	2
6268	31	2
6269	31	2
6270	31	2
6271	31	2
6272	31	2
6273	31	2
6274	31	2
6275	31	2
6276	31	2
6277	31	2
6278	31	2
6279	31	2
6280	31	2
6281	31	2
6282	31	2
6283	31	2
6284	31	2
6285	31	2
6286	31	2
6287	31	2
6288	31	2
6289	31	2
6290	31	2
6291	31	2
6292	31	2
6293	31	2
6294	31	2
6295	31	2
6296	31	2
6297	31	2
6298	31	2
6299	31	2
6300	31	2
6301	31	2
6302	31	2
6303	31	2
6304	31	2
6305	31	2
6306	31	2
6307	31	2
6308	31	2
6309	31	2
6310	31	2
6311	31	2
6312	31	2
6313	31	2
6314	31	2
6315	31	2
6316	31	2
6317	31	2
6318	31	2
6319	31	2
6320	31	2
6321	31	2
6322	31	2
6323	31	2
6324	31	2
6325	31	2
6326	31	2
6327	31	2
6328	31	2
6329	31	2
6330	31	2
6331	31	2
6332	31	2
6333	31	2
6334	31	2
6335	31	2
6336	31	2
6337	31	2
6338	31	2
6339	31	2
6340	31	2
6341	31	2
6342	31	2
6343	31	2
6344	31	2
6345	31	2
6346	31	2
6347	31	2
6348	31	2
6349	31	2
6350	31	2
6351	31	2
6352	31	2
6353	31	2
6354	31	2
6355	31	2
6356	31	2
6357	31	2
6358	31	2
6359	31	2
6360	31	2
6361	31	2
6362	31	2
6363	31	2
6364	31	2
6365	31	2
6366	31	2
6367	31	2
6368	31	2
6369	31	2
6370	31	2
6371	31	2
6372	31	2
6373	31	2
6374	31	2
6375	31	2
6376	31	2
6377	31	2
6378	31	2
6379	31	2
6380	31	2
6381	31	2
6382	31	2
6383	31	2
6384	31	2
6385	31	2
6386	31	2
6387	31	2
6388	31	2
6389	31	2
6390	31	2
6391	31	2
6392	31	2
6393	31	2
6394	31	2
6395	31	2
6396	31	2
6397	31	2
6398	31	2
6399	31	2
6400	31	2
6401	31	2
6402	31	2
6403	31	2
6404	31	2
6405	31	2
6406	31	2
6407	31	2
6408	31	2
6409	31	2
6410	31	2
6411	31	2
6412	31	2
6413	31	2
6414	31	2
6415	31	2
6416	31	2
6417	31	2
6418	31	2
6419	31	2
6420	31	2
6421	32	2
6422	32	2
6423	32	2
6424	32	2
6425	32	2
6426	32	2
6427	32	2
6428	32	2
6429	32	2
6430	32	2
6431	32	2
6432	32	2
6433	32	2
6434	32	2
6435	32	2
6436	32	2
6437	32	2
6438	32	2
6439	32	2
6440	32	2
6441	32	2
6442	32	2
6443	32	2
6444	32	2
6445	32	2
6446	32	2
6447	32	2
6448	32	2
6449	32	2
6450	32	2
6451	32	2
6452	32	2
6453	32	2
6454	32	2
6455	32	2
6456	32	2
6457	32	2
6458	32	2
6459	32	2
6460	32	2
6461	32	2
6462	32	2
6463	32	2
6464	32	2
6465	32	2
6466	32	2
6467	32	2
6468	32	2
6469	32	2
6470	32	2
6471	32	2
6472	32	2
6473	32	2
6474	32	2
6475	32	2
6476	32	2
6477	32	2
6478	32	2
6479	32	2
6480	32	2
6481	32	2
6482	32	2
6483	32	2
6484	32	2
6485	32	2
6486	32	2
6487	32	2
6488	32	2
6489	32	2
6490	32	2
6491	32	2
6492	32	2
6493	32	2
6494	32	2
6495	32	2
6496	32	2
6497	32	2
6498	32	2
6499	32	2
6500	32	2
6501	32	2
6502	32	2
6503	32	2
6504	32	2
6505	32	2
6506	32	2
6507	32	2
6508	32	2
6509	32	2
6510	32	2
6511	32	2
6512	32	2
6513	32	2
6514	32	2
6515	32	2
6516	32	2
6517	32	2
6518	32	2
6519	32	2
6520	32	2
6521	32	2
6522	32	2
6523	32	2
6524	32	2
6525	32	2
6526	32	2
6527	32	2
6528	32	2
6529	32	2
6530	32	2
6531	32	2
6532	32	2
6533	32	2
6534	32	2
6535	32	2
6536	32	2
6537	32	2
6538	32	2
6539	32	2
6540	32	2
6541	32	2
6542	32	2
6543	32	2
6544	32	2
6545	32	2
6546	32	2
6547	32	2
6548	32	2
6549	32	2
6550	32	2
6551	32	2
6552	32	2
6553	32	2
6554	32	2
6555	32	2
6556	32	2
6557	32	2
6558	32	2
6559	32	2
6560	32	2
6561	32	2
6562	32	2
6563	32	2
6564	32	2
6565	32	2
6566	32	2
6567	32	2
6568	32	2
6569	32	2
6570	32	2
6571	32	2
6572	32	2
6573	32	2
6574	32	2
6575	32	2
6576	32	2
6577	32	2
6578	32	2
6579	32	2
6580	32	2
6581	32	2
6582	32	2
6583	32	2
6584	32	2
6585	32	2
6586	32	2
6587	32	2
6588	32	2
6589	32	2
6590	32	2
6591	32	2
6592	32	2
6593	32	2
6594	32	2
6595	32	2
6596	32	2
6597	32	2
6598	32	2
6599	32	2
6600	32	2
6601	32	2
6602	32	2
6603	32	2
6604	32	2
6605	32	2
6606	32	2
6607	32	2
6608	32	2
6609	32	2
6610	32	2
6611	32	2
6612	32	2
6613	32	2
6614	32	2
6615	32	2
6616	32	2
6617	32	2
6618	32	2
6619	32	2
6620	32	2
6621	32	2
6622	32	2
6623	32	2
6624	32	2
6625	32	2
6626	32	2
6627	32	2
6628	32	2
6629	32	2
6630	32	2
6631	32	2
6632	32	2
6633	32	2
6634	32	2
6635	32	2
6636	32	2
6637	32	2
6638	32	2
6639	32	2
6640	32	3
6641	32	3
6642	32	3
6643	32	3
6644	32	3
6645	32	3
6646	32	3
6647	32	3
6648	32	3
6649	32	3
6650	32	3
6651	32	3
6652	32	3
6653	32	3
6654	32	3
6655	32	3
6656	32	3
6657	32	3
6658	32	3
6659	32	3
6660	32	3
6661	32	3
6662	32	3
6663	32	3
6664	32	3
6665	32	3
6666	32	3
6667	32	3
6668	32	3
6669	32	3
6670	32	3
6671	32	3
6672	32	3
6673	32	3
6674	32	3
6675	32	3
6676	32	3
6677	32	3
6678	32	3
6679	32	3
6680	32	3
6681	32	3
6682	32	3
6683	32	2
6684	32	2
6685	32	2
6686	32	2
6687	32	2
6688	32	2
6689	32	2
6690	32	2
6691	32	2
6692	32	2
6693	32	2
6694	32	2
6695	32	2
6696	32	2
6697	32	2
6698	32	2
6699	32	2
6700	32	2
6701	32	2
6702	32	2
6703	32	2
6704	32	2
6705	32	2
6706	32	2
6707	32	2
6708	32	2
6709	32	2
6710	32	2
6711	32	2
6712	32	2
6713	32	2
6714	32	2
6715	32	2
6716	32	2
6717	32	2
6718	32	2
6719	32	2
6720	32	2
6721	32	2
6722	32	2
6723	32	2
6724	32	2
6725	32	2
6726	32	2
6727	32	2
6728	32	2
6729	32	2
6730	32	2
6731	32	2
6732	32	2
6733	32	2
6734	32	2
6735	32	2
6736	32	2
6737	32	2
6738	32	2
6739	32	2
6740	32	2
6741	32	2
6742	32	2
6743	32	2
6744	32	2
6745	32	2
6746	32	2
6747	32	2
6748	32	2
6749	32	2
6750	32	2
6751	32	2
6752	32	2
6753	32	2
6754	32	2
6755	32	2
6756	32	2
6757	32	2
6758	32	2
6759	32	2
6760	32	2
6761	32	2
6762	32	2
6763	32	2
6764	32	2
6765	32	2
6766	32	2
6767	32	2
6768	32	2
6769	32	2
6770	32	2
6771	32	2
6772	32	2
6773	32	2
6774	32	2
6775	32	2
6776	32	2
6777	32	2
6778	32	2
6779	32	2
6780	32	2
6781	32	2
6782	32	2
6783	32	2
6784	32	2
6785	32	2
6786	32	2
6787	32	2
6788	32	2
6789	32	2
6790	32	2
6791	32	2
6792	32	2
6793	32	2
6794	32	2
6795	32	2
6796	32	2
6797	32	2
6798	32	2
6799	32	2
6800	32	2
6801	32	2
6802	32	2
6803	32	2
6804	32	2
6805	32	2
6806	32	2
6807	32	2
6808	32	2
6809	32	2
6810	32	2
6811	32	2
6812	32	2
6813	32	2
6814	32	2
6815	32	2
6816	32	2
6817	32	2
6818	32	2
6819	32	2
6820	32	2
6821	32	2
6822	32	2
6823	32	2
6824	32	2
6825	32	2
6826	32	2
6827	32	2
6828	32	2
6829	32	2
6830	32	2
6831	32	2
6832	32	2
6833	32	2
6834	32	2
6835	32	2
6836	32	2
6837	32	2
6838	32	2
6839	32	2
6840	32	2
6841	32	2
6842	32	2
6843	32	2
6844	32	2
6845	32	2
6846	32	2
6847	32	2
6848	32	2
6849	32	2
6850	32	2
6851	32	2
6852	32	2
6853	32	2
6854	32	2
6855	32	2
6856	32	2
6857	32	2
6858	32	2
6859	32	2
6860	32	2
6861	32	2
6862	32	2
6863	32	2
6864	32	2
6865	32	2
6866	32	2
6867	32	2
6868	32	2
6869	32	2
6870	32	2
6871	32	2
6872	32	2
6873	32	2
6874	32	2
6875	32	2
6876	32	2
6877	32	2
6878	32	2
6879	32	2
6880	32	2
6881	32	2
6882	32	2
6883	32	2
6884	32	2
6885	32	2
6886	32	2
6887	32	2
6888	32	2
6889	32	2
6890	32	2
6891	32	2
6892	32	2
6893	32	2
6894	32	2
6895	32	2
6896	32	2
6897	32	2
6898	32	2
6899	32	2
6900	32	2
6901	32	2
6902	32	2
6903	32	2
6904	32	2
6905	32	2
6906	32	2
6907	32	2
6908	32	2
6909	32	2
6910	32	2
6911	32	2
6912	32	2
6913	32	2
6914	32	2
6915	32	2
6916	32	2
6917	32	2
6918	32	2
6919	32	2
6920	32	2
6921	32	2
6922	32	2
6923	32	2
6924	32	2
6925	32	2
6926	32	2
6927	32	2
6928	32	2
6929	32	2
6930	32	2
6931	32	2
6932	32	2
6933	32	2
6934	32	2
6935	32	2
6936	32	2
6937	32	2
6938	32	2
6939	32	2
6940	32	2
6941	32	2
6942	32	2
6943	32	2
6944	32	2
6945	32	2
6946	32	2
6947	32	2
6948	32	2
6949	32	2
6950	32	2
6951	32	2
6952	32	2
6953	32	2
6954	32	2
6955	32	2
6956	32	2
6957	32	2
6958	32	2
6959	32	2
6960	32	2
6961	32	2
6962	32	2
6963	32	2
6964	32	2
6965	32	2
6966	32	2
6967	32	2
6968	32	2
6969	32	2
6970	32	2
6971	32	2
6972	32	2
6973	32	2
6974	32	2
6975	32	2
6976	32	2
6977	32	2
6978	32	2
6979	32	2
6980	32	2
6981	32	2
6982	32	2
6983	32	2
6984	32	2
6985	32	2
6986	32	2
6987	32	2
6988	32	2
6989	32	2
6990	32	2
6991	32	2
6992	32	2
6993	32	2
6994	32	2
6995	32	2
6996	32	2
6997	32	2
6998	32	2
6999	32	2
7000	32	2
7001	32	2
7002	32	2
7003	32	2
7004	32	2
7005	32	2
7006	32	2
7007	32	2
7008	32	2
7009	32	2
7010	32	2
7011	32	2
7012	32	2
7013	32	2
7014	32	2
7015	32	2
7016	32	2
7017	32	2
7018	32	2
7019	32	2
7020	32	2
7021	32	2
7022	32	2
7023	32	2
7024	32	2
7025	32	2
7026	32	2
7027	32	2
7028	32	2
7029	32	2
7030	32	2
7031	32	2
7032	32	2
7033	32	2
7034	32	2
7035	32	2
7036	32	2
7037	32	2
7038	32	2
7039	32	2
7040	32	2
7041	32	2
7042	32	2
7043	32	2
7044	32	2
7045	32	2
7046	32	2
7047	32	2
7048	32	2
7049	32	2
7050	32	2
7051	32	2
7052	32	2
7053	32	2
7054	32	2
7055	32	2
7056	32	2
7057	32	2
7058	32	2
7059	32	2
7060	32	2
7061	32	2
7062	32	2
7063	32	2
7064	32	2
7065	32	2
7066	32	2
7067	32	2
7068	32	2
7069	32	2
7070	32	2
7071	32	2
7072	32	2
7073	32	2
7074	32	2
7075	32	2
7076	32	2
7077	32	2
7078	32	2
7079	32	2
7080	32	2
7081	32	2
7082	32	2
7083	32	2
7084	32	2
7085	32	2
7086	32	2
7087	32	2
7088	32	2
7089	32	2
7090	32	2
7091	32	2
7092	32	2
7093	32	2
7094	32	2
7095	32	2
7096	32	2
7097	32	2
7098	32	2
7099	32	2
7100	32	2
7101	32	2
7102	32	2
7103	32	2
7104	32	2
7105	32	2
7106	32	2
7107	32	2
7108	32	2
7109	32	2
7110	32	2
7111	32	2
7112	32	2
7113	32	2
7114	32	2
7115	32	2
7116	32	2
7117	32	2
7118	32	2
7119	32	2
7120	32	2
7121	32	2
7122	32	2
7123	32	2
7124	32	2
7125	32	2
7126	32	2
7127	32	2
7128	32	2
7129	32	2
7130	32	2
7131	32	2
7132	32	2
7133	32	2
7134	32	2
7135	32	2
7136	32	2
7137	32	2
7138	32	3
7139	32	3
7140	32	3
7141	32	3
7142	32	3
7143	32	3
7144	32	3
7145	32	3
7146	32	3
7147	32	3
7148	32	3
7149	32	3
7150	32	3
7151	32	3
7152	32	3
7153	32	3
7154	32	3
7155	32	3
7156	32	3
7157	32	3
7158	32	3
7159	32	3
7160	32	3
7161	32	3
7162	32	3
7163	32	3
7164	32	3
7165	32	3
7166	32	3
7167	32	3
7168	32	3
7169	32	3
7170	32	3
7171	32	3
7172	32	3
7173	32	3
7174	32	3
7175	32	3
7176	32	3
7177	32	3
7178	32	3
7179	32	3
7180	32	3
7181	32	3
7182	32	3
7183	32	3
7184	32	3
7185	32	3
7186	32	3
7187	32	3
7188	32	3
7189	32	3
7190	32	3
7191	32	3
7192	32	3
7193	32	3
7194	32	3
7195	32	3
7196	32	2
7197	32	2
7198	32	2
7199	32	2
7200	32	2
7201	32	2
7202	32	2
7203	32	2
7204	32	2
7205	32	2
7206	32	2
7207	32	2
7208	33	2
7209	33	2
7210	33	2
7211	33	2
7212	33	2
7213	33	2
7214	33	2
7215	33	2
7216	33	2
7217	33	2
7218	33	2
7219	33	2
7220	33	2
7221	33	2
7222	33	2
7223	33	2
7224	33	2
7225	33	2
7226	33	2
7227	33	2
7228	33	2
7229	33	2
7230	33	2
7231	33	2
7232	33	2
7233	33	2
7234	33	2
7235	33	2
7236	33	2
7237	33	2
7238	33	2
7239	33	2
7240	33	2
7241	33	2
7242	33	2
7243	33	2
7244	33	2
7245	33	2
7246	33	2
7247	33	2
7248	33	2
7249	33	2
7250	33	2
7251	33	2
7252	33	2
7253	33	2
7254	33	2
7255	33	2
7256	33	2
7257	33	2
7258	33	2
7259	33	2
7260	33	2
7261	33	2
7262	33	2
7263	33	2
7264	33	2
7265	33	2
7266	33	2
7267	33	2
7268	33	2
7269	33	2
7270	33	2
7271	33	2
7272	33	2
7273	33	2
7274	33	2
7275	33	2
7276	33	2
7277	33	2
7278	33	2
7279	33	2
7280	33	2
7281	33	2
7282	33	2
7283	33	2
7284	33	2
7285	33	2
7286	33	2
7287	33	2
7288	33	2
7289	33	2
7290	33	2
7291	33	2
7292	33	2
7293	33	2
7294	33	2
7295	33	2
7296	33	2
7297	33	2
7298	33	2
7299	33	2
7300	33	2
7301	33	2
7302	33	2
7303	33	2
7304	33	2
7305	33	2
7306	33	2
7307	33	2
7308	33	2
7309	33	2
7310	33	2
7311	33	2
7312	33	2
7313	33	2
7314	33	2
7315	33	2
7316	33	2
7317	33	2
7318	33	2
7319	33	2
7320	33	2
7321	33	2
7322	33	2
7323	33	2
7324	33	2
7325	33	2
7326	33	2
7327	33	2
7328	33	2
7329	33	2
7330	33	2
7331	33	2
7332	33	2
7333	33	2
7334	33	2
7335	33	2
7336	33	2
7337	33	2
7338	33	2
7339	33	2
7340	33	2
7341	33	2
7342	33	2
7343	33	2
7344	33	2
7345	33	2
7346	33	2
7347	33	2
7348	33	2
7349	33	2
7350	33	2
7351	33	2
7352	33	2
7353	33	2
7354	33	2
7355	33	2
7356	33	2
7357	33	2
7358	33	2
7359	33	2
7360	33	2
7361	33	2
7362	33	2
7363	33	2
7364	33	2
7365	33	2
7366	33	2
7367	33	2
7368	33	2
7369	33	2
7370	33	2
7371	33	2
7372	33	2
7373	33	2
7374	33	2
7375	33	2
7376	33	2
7377	33	2
7378	33	2
7379	33	2
7380	33	2
7381	33	2
7382	33	2
7383	33	2
7384	33	2
7385	33	2
7386	33	2
7387	33	2
7388	33	2
7389	33	2
7390	33	2
7391	33	2
7392	33	2
7393	33	2
7394	33	2
7395	33	2
7396	33	2
7397	33	2
7398	33	2
7399	33	2
7400	33	2
7401	33	2
7402	33	2
7403	33	2
7404	33	2
7405	33	2
7406	33	2
7407	33	2
7408	33	2
7409	33	2
7410	33	2
7411	33	2
7412	33	2
7413	33	2
7414	33	2
7415	33	2
7416	33	2
7417	33	2
7418	33	2
7419	33	2
7420	33	2
7421	33	2
7422	33	2
7423	33	2
7424	33	2
7425	33	2
7426	33	2
7427	33	2
7428	33	2
7429	33	2
7430	33	2
7431	33	2
7432	33	2
7433	33	2
7434	33	2
7435	33	2
7436	33	2
7437	33	2
7438	33	2
7439	33	2
7440	33	2
7441	33	2
7442	33	2
7443	33	2
7444	33	2
7445	33	2
7446	33	2
7447	33	2
7448	33	2
7449	33	2
7450	33	2
7451	33	2
7452	33	2
7453	33	2
7454	33	2
7455	33	2
7456	33	2
7457	33	2
7458	33	2
7459	33	2
7460	33	2
7461	33	2
7462	33	2
7463	33	2
7464	33	2
7465	33	2
7466	33	2
7467	33	2
7468	33	2
7469	33	2
7470	33	2
7471	33	2
7472	33	3
7473	33	3
7474	33	3
7475	33	3
7476	33	3
7477	33	3
7478	33	3
7479	33	3
7480	33	3
7481	33	3
7482	33	3
7483	33	3
7484	33	3
7485	33	3
7486	33	3
7487	33	3
7488	33	3
7489	33	3
7490	33	3
7491	33	3
7492	33	3
7493	33	3
7494	33	3
7495	33	3
7496	33	3
7497	33	3
7498	33	3
7499	33	3
7500	33	3
7501	33	3
7502	33	3
7503	33	3
7504	33	3
7505	33	3
7506	33	3
7507	33	3
7508	33	3
7509	33	3
7510	33	3
7511	33	3
7512	33	3
7513	33	3
7514	33	3
7515	33	3
7516	33	2
7517	33	2
7518	33	2
7519	33	2
7520	33	2
7521	33	2
7522	33	2
7523	33	2
7524	33	2
7525	33	2
7526	33	2
7527	33	2
7528	33	2
7529	33	2
7530	33	2
7531	33	2
7532	33	2
7533	33	2
7534	33	2
7535	33	2
7536	33	2
7537	33	2
7538	33	2
7539	33	2
7540	33	2
7541	33	2
7542	33	2
7543	33	2
7544	33	2
7545	33	2
7546	33	2
7547	33	2
7548	33	2
7549	33	2
7550	33	2
7551	33	2
7552	33	2
7553	33	2
7554	33	2
7555	33	2
7556	33	2
7557	33	2
7558	33	2
7559	33	2
7560	33	2
7561	33	2
7562	33	2
7563	33	2
7564	33	2
7565	33	2
7566	33	2
7567	33	2
7568	33	2
7569	33	2
7570	33	2
7571	33	2
7572	33	2
7573	33	2
7574	33	2
7575	33	2
7576	33	2
7577	33	2
7578	33	2
7579	33	2
7580	33	2
7581	33	2
7582	33	2
7583	33	2
7584	33	2
7585	33	2
7586	33	2
7587	33	2
7588	33	2
7589	33	2
7590	33	2
7591	33	2
7592	33	2
7593	33	2
7594	33	2
7595	33	2
7596	33	2
7597	33	2
7598	33	2
7599	33	2
7600	33	2
7601	33	2
7602	33	2
7603	33	2
7604	33	2
7605	33	2
7606	33	2
7607	33	2
7608	33	2
7609	33	2
7610	33	2
7611	33	2
7612	33	2
7613	33	2
7614	33	2
7615	33	2
7616	33	2
7617	33	2
7618	33	2
7619	33	2
7620	33	2
7621	33	2
7622	33	2
7623	33	2
7624	33	2
7625	33	2
7626	33	2
7627	33	2
7628	33	2
7629	33	2
7630	33	2
7631	33	2
7632	33	2
7633	33	2
7634	33	2
7635	33	2
7636	33	2
7637	33	2
7638	33	2
7639	33	2
7640	33	2
7641	33	2
7642	33	2
7643	33	2
7644	33	2
7645	33	2
7646	33	2
7647	33	2
7648	33	2
7649	33	2
7650	33	2
7651	33	2
7652	33	2
7653	33	2
7654	33	2
7655	33	2
7656	33	2
7657	33	2
7658	33	2
7659	33	2
7660	33	2
7661	33	2
7662	33	2
7663	33	2
7664	33	2
7665	33	2
7666	33	2
7667	33	2
7668	33	2
7669	33	2
7670	33	2
7671	33	2
7672	33	2
7673	33	2
7674	33	2
7675	33	2
7676	33	2
7677	33	2
7678	33	2
7679	33	2
7680	33	2
7681	33	2
7682	33	2
7683	33	2
7684	33	2
7685	33	2
7686	33	2
7687	33	2
7688	33	2
7689	33	2
7690	33	2
7691	33	2
7692	33	2
7693	33	2
7694	33	2
7695	33	2
7696	33	2
7697	33	2
7698	33	2
7699	33	2
7700	33	2
7701	33	2
7702	33	2
7703	33	2
7704	33	2
7705	33	2
7706	33	2
7707	33	2
7708	33	2
7709	33	2
7710	33	2
7711	33	2
7712	33	2
7713	33	2
7714	33	2
7715	33	2
7716	33	2
7717	33	3
7718	33	3
7719	33	3
7720	33	3
7721	33	3
7722	33	3
7723	33	3
7724	33	3
7725	33	3
7726	33	3
7727	33	3
7728	33	3
7729	33	3
7730	33	3
7731	33	3
7732	33	3
7733	33	3
7734	33	3
7735	33	3
7736	33	3
7737	33	3
7738	33	3
7739	33	3
7740	33	3
7741	33	3
7742	33	3
7743	33	3
7744	33	3
7745	33	3
7746	33	3
7747	33	3
7748	33	3
7749	33	3
7750	33	3
7751	33	3
7752	33	3
7753	33	3
7754	33	3
7755	33	3
7756	33	3
7757	33	3
7758	33	3
7759	33	3
7760	33	3
7761	33	3
7762	33	3
7763	33	3
7764	33	3
7765	33	3
7766	33	3
7767	33	3
7768	33	3
7769	33	3
7770	33	3
7771	33	3
7772	33	3
7773	33	3
7774	33	3
7775	33	3
7776	33	3
7777	33	3
7778	33	3
7779	33	3
7780	33	3
7781	33	3
7782	33	3
7783	33	3
7784	33	3
7785	33	3
7786	33	3
7787	33	3
7788	33	4
7789	33	4
7790	33	4
7791	33	4
7792	33	4
7793	33	4
7794	33	4
7795	33	4
7796	33	4
7797	33	4
7798	33	4
7799	33	4
7800	33	4
7801	33	4
7802	33	4
7803	33	4
7804	33	4
7805	33	4
7806	33	4
7807	33	4
7808	33	4
7809	33	4
7810	33	4
7811	33	4
7812	33	4
7813	33	4
7814	33	4
7815	33	4
7816	33	4
7817	33	4
7818	33	4
7819	33	4
7820	33	4
7821	33	4
7822	33	4
7823	33	4
7824	33	4
7825	33	4
7826	33	4
7827	33	4
7828	33	4
7829	33	4
7830	33	4
7831	33	4
7832	33	4
7833	33	4
7834	33	4
7835	33	4
7836	33	4
7837	33	4
7838	33	4
7839	33	4
7840	33	4
7841	33	4
7842	33	4
7843	33	4
7844	33	4
7845	33	4
7846	33	3
7847	33	3
7848	33	3
7849	33	3
7850	33	3
7851	33	3
7852	33	3
7853	33	3
7854	33	3
7855	33	3
7856	33	3
7857	33	3
7858	33	3
7859	33	3
7860	33	3
7861	33	3
7862	33	3
7863	33	3
7864	33	3
7865	33	3
7866	33	3
7867	33	3
7868	33	3
7869	33	3
7870	33	3
7871	33	3
7872	33	3
7873	33	3
7874	33	3
7875	33	3
7876	33	3
7877	33	3
7878	33	3
7879	33	3
7880	33	3
7881	33	3
7882	33	3
7883	33	3
7884	33	3
7885	33	3
7886	33	3
7887	33	3
7888	33	3
7889	33	3
7890	33	3
7891	33	3
7892	33	3
7893	33	3
7894	33	3
7895	33	3
7896	33	3
7897	33	3
7898	33	3
7899	33	3
7900	33	3
7901	33	3
7902	33	3
7903	33	3
7904	33	3
7905	33	3
7906	33	3
7907	33	3
7908	33	3
7909	33	3
7910	33	3
7911	33	3
7912	33	3
7913	33	3
7914	33	3
7915	33	3
7916	33	3
7917	33	3
7918	33	3
7919	33	3
7920	33	3
7921	33	3
7922	33	3
7923	33	3
7924	33	3
7925	33	3
7926	33	3
7927	33	3
7928	33	3
7929	33	3
7930	33	3
7931	33	3
7932	33	3
7933	33	3
7934	33	3
7935	33	3
7936	33	3
7937	33	3
7938	33	3
7939	33	3
7940	33	3
7941	33	3
7942	33	3
7943	33	3
7944	33	3
7945	33	3
7946	33	3
7947	33	3
7948	33	3
7949	33	3
7950	33	3
7951	33	3
7952	33	3
7953	33	3
7954	33	3
7955	33	3
7956	33	3
7957	33	3
7958	33	3
7959	33	3
7960	33	3
7961	33	3
7962	33	3
7963	33	3
7964	33	3
7965	33	3
7966	33	3
7967	33	3
7968	33	3
7969	33	3
7970	33	3
7971	33	3
7972	33	3
7973	33	3
7974	33	3
7975	33	3
7976	33	3
7977	33	3
7978	33	3
7979	33	3
7980	33	3
7981	33	3
7982	33	3
7983	33	3
7984	33	3
7985	33	3
7986	33	3
7987	33	3
7988	33	3
7989	33	3
7990	33	3
7991	33	3
7992	33	3
7993	33	3
7994	33	3
7995	33	3
7996	33	3
7997	33	3
7998	33	3
7999	33	3
8000	33	3
8001	33	3
8002	33	3
8003	33	3
8004	33	3
8005	33	3
8006	33	3
8007	33	3
8008	33	3
8009	33	3
8010	33	3
8011	33	3
8012	33	3
8013	33	3
8014	33	3
8015	33	3
8016	33	3
8017	33	3
8018	33	3
8019	33	3
8020	33	3
8021	33	3
8022	33	3
8023	33	3
8024	33	3
8025	33	3
8026	33	3
8027	33	3
8028	33	3
8029	33	3
8030	33	3
8031	33	3
8032	33	3
8033	33	3
8034	33	3
8035	33	3
8036	33	3
8037	33	3
8038	33	3
8039	33	3
8040	33	3
8041	33	3
8042	33	3
8043	33	3
8044	33	3
8045	33	3
8046	33	3
8047	33	3
8048	33	3
8049	33	3
8050	33	3
8051	33	3
8052	33	3
8053	33	3
8054	33	3
8055	33	3
8056	33	3
8057	33	3
8058	33	3
8059	33	3
8060	33	3
8061	33	3
8062	33	3
8063	33	3
8064	33	3
8065	33	3
8066	33	3
8067	33	3
8068	33	3
8069	33	3
8070	33	3
8071	33	3
8072	33	3
8073	33	3
8074	33	3
8075	33	3
8076	33	3
8077	33	3
8078	33	3
8079	33	3
8080	33	3
8081	33	3
8082	33	3
8083	33	3
8084	33	3
8085	33	3
8086	33	3
8087	33	3
8088	33	3
8089	33	3
8090	33	3
8091	33	3
8092	33	3
8093	33	3
8094	33	3
8095	33	3
8096	33	3
8097	33	3
8098	33	3
8099	33	3
8100	33	3
8101	33	3
8102	33	3
8103	33	3
8104	33	3
8105	33	3
8106	33	3
8107	33	3
8108	33	3
8109	33	3
8110	33	3
8111	33	3
8112	33	3
8113	33	3
8114	33	3
8115	33	3
8116	33	3
8117	33	3
8118	33	3
8119	33	3
8120	33	3
8121	33	3
8122	33	3
8123	33	3
8124	33	3
8125	33	3
8126	33	3
8127	33	3
8128	33	3
8129	33	3
8130	33	3
8131	33	3
8132	33	3
8133	33	3
8134	33	3
8135	33	3
8136	33	3
8137	33	3
8138	33	3
8139	33	3
8140	33	3
8141	33	3
8142	33	3
8143	33	3
8144	33	3
8145	33	3
8146	33	3
8147	33	3
8148	33	3
8149	33	3
8150	33	3
8151	33	3
8152	33	3
8153	33	3
8154	33	3
8155	33	3
8156	33	3
8157	33	3
8158	33	3
8159	33	3
8160	33	3
8161	33	3
8162	33	3
8163	33	3
8164	33	3
8165	33	3
8166	33	3
8167	33	3
8168	33	3
8169	33	3
8170	33	3
8171	33	3
8172	33	3
8173	33	3
8174	33	3
8175	33	3
8176	33	3
8177	33	3
8178	33	3
8179	33	3
8180	33	3
8181	33	3
8182	33	3
8183	33	3
8184	33	3
8185	33	3
8186	33	3
8187	33	3
8188	33	3
8189	33	3
8190	33	3
8191	33	3
8192	33	3
8193	33	3
8194	33	3
8195	33	3
8196	33	3
8197	33	3
8198	33	3
8199	33	3
8200	33	3
8201	33	3
8202	33	3
8203	33	3
8204	33	3
8205	33	3
8206	33	3
8207	33	3
8208	33	3
8209	33	3
8210	33	3
8211	33	3
8212	33	3
8213	33	3
8214	33	3
8215	33	3
8216	33	3
8217	33	3
8218	33	3
8219	33	3
8220	33	3
8221	33	3
8222	33	3
8223	33	3
8224	33	3
8225	33	3
8226	33	3
8227	33	3
8228	33	3
8229	33	3
8230	33	3
8231	33	3
8232	33	3
8233	33	3
8234	33	3
8235	33	3
8236	33	3
8237	33	3
8238	33	3
8239	33	3
8240	33	3
8241	33	3
8242	33	3
8243	33	3
8244	33	3
8245	33	3
8246	33	3
8247	33	3
8248	33	3
8249	33	3
8250	33	3
8251	33	3
8252	33	3
8253	33	3
8254	33	3
8255	33	3
8256	33	3
8257	33	3
8258	33	3
8259	33	3
8260	33	3
8261	33	3
8262	33	3
8263	33	3
8264	33	3
8265	33	3
8266	33	3
8267	33	3
8268	33	3
8269	33	3
8270	33	3
8271	33	3
8272	33	3
8273	33	3
8274	33	3
8275	33	3
8276	33	3
8277	33	3
8278	33	3
8279	33	3
8280	33	3
8281	33	3
8282	33	3
8283	33	3
8284	33	3
8285	33	3
8286	33	3
8287	33	3
8288	33	3
8289	33	3
8290	33	3
8291	33	3
8292	33	3
8293	33	3
8294	33	3
8295	33	3
8296	33	3
8297	33	3
8298	33	3
8299	33	3
8300	33	3
8301	33	3
8302	33	3
8303	33	3
8304	33	3
8305	33	3
8306	33	3
8307	33	3
8308	33	3
8309	33	3
8310	33	3
8311	33	3
8312	33	3
8313	33	3
8314	33	3
8315	33	3
8316	33	3
8317	33	3
8318	33	3
8319	33	3
8320	33	3
8321	33	3
8322	33	3
8323	33	3
8324	33	3
8325	33	3
8326	33	3
8327	33	3
8328	33	3
8329	33	3
8330	33	3
8331	33	3
8332	33	3
8333	33	3
8334	33	3
8335	33	3
8336	33	3
8337	33	3
8338	33	3
8339	33	3
8340	33	3
8341	33	3
8342	33	3
8343	33	3
8344	33	3
8345	33	3
8346	33	3
8347	33	3
8348	33	3
8349	33	3
8350	33	3
8351	33	3
8352	33	3
8353	33	3
8354	33	3
8355	33	3
8356	33	3
8357	33	3
8358	33	3
8359	33	3
8360	33	3
8361	33	3
8362	33	3
8363	33	3
8364	33	3
8365	33	3
8366	33	3
8367	33	3
8368	33	3
8369	33	3
8370	33	3
8371	33	3
8372	33	3
8373	33	3
8374	33	3
8375	33	3
8376	33	3
8377	33	3
8378	33	3
8379	33	3
8380	33	3
8381	33	3
8382	33	3
8383	33	3
8384	33	3
8385	33	3
8386	33	3
8387	33	3
8388	33	3
8389	33	3
8390	33	3
8391	33	3
8392	33	3
8393	33	3
8394	33	3
8395	33	3
8396	33	3
8397	33	3
8398	33	3
8399	33	3
8400	33	3
8401	33	3
8402	33	3
8403	33	3
8404	33	3
8405	33	3
8406	33	3
8407	33	3
8408	33	3
8409	33	3
8410	33	3
8411	33	3
8412	33	3
8413	33	3
8414	33	3
8415	33	3
8416	33	3
8417	33	3
8418	33	3
8419	33	3
8420	33	3
8421	33	3
8422	33	3
8423	33	3
8424	33	3
8425	33	3
8426	33	3
8427	33	3
8428	33	3
8429	33	3
8430	33	3
8431	33	3
8432	33	3
8433	33	3
8434	33	4
8435	33	4
8436	33	4
8437	33	4
8438	33	4
8439	33	4
8440	33	4
8441	33	4
8442	33	4
8443	33	4
8444	33	4
8445	33	3
8446	33	3
8447	33	3
8448	33	3
8449	33	3
8450	33	3
8451	33	3
8452	33	3
8453	33	3
8454	33	3
8455	33	3
8456	33	3
8457	33	3
8458	33	3
8459	33	3
8460	33	3
8461	33	3
8462	33	3
8463	33	3
8464	33	3
8465	33	3
8466	33	3
8467	33	3
8468	33	3
8469	33	3
8470	33	3
8471	33	3
8472	33	3
8473	33	3
8474	33	3
8475	33	3
8476	33	3
8477	33	3
8478	33	3
8479	33	3
8480	33	3
8481	33	3
8482	33	3
8483	33	3
8484	33	3
8485	33	3
8486	33	3
8487	33	3
8488	33	3
8489	33	3
8490	33	3
8491	33	3
8492	33	3
8493	33	3
8494	33	3
8495	33	3
8496	33	3
8497	33	3
8498	33	3
8499	33	3
8500	33	3
8501	33	3
8502	33	3
8503	33	3
8504	33	3
8505	33	3
8506	33	3
8507	33	3
8508	33	3
8509	33	3
8510	33	3
8511	33	3
8512	33	3
8513	33	3
8514	33	3
8515	33	3
8516	33	3
8517	33	3
8518	33	3
8519	33	3
8520	33	3
8521	33	3
8522	33	3
8523	33	3
8524	33	3
8525	33	3
8526	33	3
8527	33	3
8528	33	3
8529	33	3
8530	33	3
8531	33	3
8532	33	3
8533	33	3
8534	33	3
8535	33	3
8536	33	3
8537	33	3
8538	33	3
8539	33	3
8540	33	3
8541	33	3
8542	33	3
8543	33	3
8544	33	3
8545	33	3
8546	33	3
8547	33	3
8548	33	3
8549	33	3
8550	33	3
8551	33	3
8552	33	3
8553	33	3
8554	33	3
8555	33	3
8556	33	3
8557	33	3
8558	33	3
8559	33	3
8560	33	3
8561	33	3
8562	33	3
8563	33	3
8564	33	3
8565	33	3
8566	33	3
8567	33	3
8568	33	3
8569	33	3
8570	33	3
8571	33	3
8572	33	3
8573	33	3
8574	33	3
8575	33	3
8576	33	3
8577	33	3
8578	33	3
8579	33	3
8580	33	3
8581	33	3
8582	33	3
8583	33	3
8584	33	3
8585	33	3
8586	33	3
8587	33	3
8588	33	3
8589	33	3
8590	33	3
8591	33	3
8592	33	3
8593	33	3
8594	33	3
8595	33	3
8596	33	3
8597	33	3
8598	33	3
8599	33	3
8600	33	3
8601	33	3
8602	33	3
8603	33	3
8604	33	3
8605	33	3
8606	33	3
8607	33	3
8608	33	3
8609	33	3
8610	33	3
8611	33	3
8612	33	3
8613	33	3
8614	33	3
8615	33	3
8616	33	3
8617	33	3
8618	33	3
8619	33	3
8620	33	3
8621	33	3
8622	33	3
8623	33	3
8624	33	3
8625	33	3
8626	33	3
8627	33	3
8628	33	3
8629	33	3
8630	33	3
8631	33	3
8632	33	3
8633	33	3
8634	33	3
8635	33	3
8636	33	3
8637	33	3
8638	33	3
8639	33	3
8640	33	3
8641	33	3
8642	33	3
8643	33	3
8644	33	3
8645	33	3
8646	33	3
8647	33	3
8648	33	3
8649	33	3
8650	33	3
8651	33	3
8652	33	3
8653	33	3
8654	33	3
8655	33	3
8656	33	3
8657	33	3
8658	33	3
8659	33	3
8660	33	3
8661	33	3
8662	33	3
8663	33	3
8664	33	3
8665	33	3
8666	33	3
8667	33	3
8668	33	3
8669	33	3
8670	33	3
8671	33	3
8672	33	3
8673	33	3
8674	33	3
8675	33	3
8676	33	3
8677	33	3
8678	33	3
8679	33	3
8680	33	3
8681	33	3
8682	33	3
8683	33	3
8684	33	3
8685	33	3
8686	33	3
8687	33	3
8688	33	3
8689	33	3
8690	33	3
8691	33	3
8692	33	3
8693	33	3
8694	33	3
8695	33	3
8696	33	3
8697	33	3
8698	33	3
8699	33	3
8700	33	3
8701	33	3
8702	33	3
8703	33	3
8704	33	3
8705	33	3
8706	33	3
8707	33	3
8708	33	3
8709	33	3
8710	33	3
8711	33	3
8712	33	3
8713	33	3
8714	33	3
8715	33	3
8716	33	3
8717	33	3
8718	33	3
8719	33	3
8720	33	3
8721	33	3
8722	33	3
8723	33	3
8724	33	3
8725	33	3
8726	33	3
8727	33	3
8728	33	3
8729	33	3
8730	33	3
8731	33	3
8732	33	3
8733	33	3
8734	33	3
8735	33	3
8736	33	3
8737	33	3
8738	33	3
8739	33	3
8740	33	3
8741	33	3
8742	33	3
8743	33	3
8744	33	4
8745	33	4
8746	33	4
8747	33	4
8748	33	4
8749	33	4
8750	33	4
8751	33	4
8752	33	4
8753	33	4
8754	33	4
8755	33	4
8756	33	4
8757	33	4
8758	33	4
8759	33	4
8760	33	4
8761	33	4
8762	33	4
8763	33	4
8764	33	4
8765	33	4
8766	33	4
8767	33	4
8768	33	4
8769	33	4
8770	33	4
8771	33	4
8772	33	4
8773	33	4
8774	33	4
8775	33	4
8776	33	4
8777	33	4
8778	33	4
8779	33	4
8780	33	4
8781	33	4
8782	33	4
8783	33	4
8784	33	4
8785	33	4
8786	33	4
8787	33	4
8788	33	4
8789	33	4
8790	33	4
8791	33	4
8792	33	4
8793	33	4
8794	33	4
8795	33	4
8796	33	5
8797	33	5
8798	33	5
8799	33	5
8800	33	5
8801	33	5
8802	33	5
8803	33	5
8804	33	5
8805	33	5
8806	33	5
8807	33	5
8808	33	5
8809	33	5
8810	33	5
8811	33	5
8812	33	5
8813	33	5
8814	33	5
8815	33	5
8816	33	5
8817	33	5
8818	33	5
8819	33	5
8820	33	5
8821	33	5
8822	33	5
8823	33	5
8824	33	5
8825	33	5
8826	33	5
8827	33	5
8828	33	5
8829	33	5
8830	33	5
8831	33	5
8832	33	5
8833	33	5
8834	33	4
8835	33	4
8836	33	4
8837	33	4
8838	33	4
8839	33	4
8840	33	4
8841	33	4
8842	33	4
8843	33	4
8844	33	4
8845	33	4
8846	33	4
8847	33	4
8848	33	4
8849	33	4
8850	33	4
8851	33	4
8852	33	4
8853	33	4
8854	33	4
8855	33	4
8856	33	4
8857	33	4
8858	33	4
8859	33	4
8860	33	4
8861	33	4
8862	33	4
8863	33	4
8864	33	4
8865	33	4
8866	33	4
8867	33	4
8868	33	4
8869	33	4
8870	33	4
8871	33	4
8872	33	4
8873	33	4
8874	33	4
8875	33	4
8876	33	4
8877	33	4
8878	33	4
8879	33	4
8880	33	4
8881	33	4
8882	33	4
8883	33	4
8884	33	4
8885	33	4
8886	33	4
8887	33	4
8888	33	4
8889	33	4
8890	33	4
8891	33	4
8892	33	4
8893	33	4
8894	33	4
8895	33	4
8896	33	4
8897	33	4
8898	33	4
8899	33	4
8900	33	4
8901	33	4
8902	33	4
8903	33	4
8904	33	4
8905	33	4
8906	33	4
8907	33	4
8908	33	4
8909	33	4
8910	33	4
8911	33	4
8912	33	4
8913	33	4
8914	33	4
8915	33	4
8916	33	4
8917	33	4
8918	33	4
8919	33	4
8920	33	4
8921	33	4
8922	33	4
8923	33	4
8924	33	4
8925	33	4
8926	33	4
8927	33	4
8928	33	4
8929	33	4
8930	33	4
8931	33	4
8932	33	4
8933	33	4
8934	33	4
8935	33	4
8936	33	4
8937	33	4
8938	33	4
8939	33	4
8940	33	4
8941	33	4
8942	33	4
8943	33	4
8944	33	4
8945	33	4
8946	33	4
8947	33	4
8948	33	4
8949	33	4
8950	33	4
8951	33	4
8952	33	4
8953	33	4
8954	33	4
8955	33	4
8956	33	4
8957	33	4
8958	33	4
8959	33	4
8960	33	4
8961	33	4
8962	33	4
8963	33	4
8964	33	4
8965	33	4
8966	33	4
8967	33	4
8968	33	4
8969	33	4
8970	33	4
8971	33	4
8972	33	4
8973	33	4
8974	33	4
8975	33	4
8976	33	4
8977	33	4
8978	33	4
8979	33	4
8980	33	4
8981	33	4
8982	33	4
8983	33	4
8984	33	4
8985	33	4
8986	33	4
8987	33	4
8988	33	4
8989	33	4
8990	33	4
8991	33	4
8992	33	4
8993	33	4
8994	33	4
8995	33	4
8996	33	4
8997	33	4
8998	33	4
8999	33	4
9000	33	4
9001	33	4
9002	33	4
9003	33	4
9004	33	4
9005	33	4
9006	33	4
9007	33	4
9008	33	4
9009	33	4
9010	33	4
9011	33	4
9012	33	4
9013	33	4
9014	33	4
9015	33	4
9016	33	4
9017	33	4
9018	33	4
9019	33	4
9020	33	4
9021	33	4
9022	33	4
9023	33	4
9024	33	4
9025	33	4
9026	33	4
9027	33	4
9028	33	4
9029	33	4
9030	33	4
9031	33	4
9032	33	4
9033	33	4
9034	33	4
9035	33	4
9036	33	4
9037	33	4
9038	33	4
9039	33	4
9040	33	4
9041	33	4
9042	33	4
9043	33	4
9044	33	4
9045	33	4
9046	33	4
9047	33	4
9048	33	4
9049	33	4
9050	33	4
9051	33	4
9052	33	4
9053	33	4
9054	33	4
9055	33	4
9056	33	4
9057	33	4
9058	33	4
9059	33	4
9060	33	4
9061	33	4
9062	33	4
9063	33	4
9064	33	4
9065	33	4
9066	33	4
9067	33	4
9068	33	4
9069	33	4
9070	33	4
9071	33	4
9072	33	4
9073	33	4
9074	33	4
9075	33	4
9076	33	4
9077	33	4
9078	33	4
9079	33	4
9080	33	4
9081	33	4
9082	33	4
9083	33	4
9084	33	4
9085	33	4
9086	33	4
9087	33	4
9088	33	4
9089	33	4
9090	33	4
9091	33	4
9092	33	4
9093	33	4
9094	33	4
9095	33	4
9096	33	4
9097	33	4
9098	33	4
9099	33	4
9100	33	4
9101	33	4
9102	33	4
9103	33	4
9104	33	4
9105	33	4
9106	33	4
9107	33	4
9108	33	4
9109	33	4
9110	33	4
9111	33	4
9112	33	4
9113	33	4
9114	33	4
9115	33	4
9116	33	4
9117	33	4
9118	33	4
9119	33	4
9120	33	4
9121	33	4
9122	33	4
9123	33	4
9124	33	4
9125	33	4
9126	33	4
9127	33	4
9128	33	4
9129	33	4
9130	33	4
9131	33	4
9132	33	4
9133	33	4
9134	33	4
9135	33	4
9136	33	4
9137	33	4
9138	33	4
9139	33	4
9140	33	4
9141	33	4
9142	33	4
9143	33	4
9144	33	4
9145	33	4
9146	33	4
9147	33	4
9148	33	4
9149	33	4
9150	33	4
9151	33	4
9152	33	4
9153	33	4
9154	33	4
9155	33	4
9156	33	4
9157	33	4
9158	33	4
9159	33	4
9160	33	4
9161	33	4
9162	33	4
9163	33	4
9164	33	4
9165	33	4
9166	33	4
9167	33	4
9168	33	4
9169	33	4
9170	33	4
9171	33	4
9172	33	4
9173	33	4
9174	33	4
9175	33	4
9176	33	4
9177	33	4
9178	33	4
9179	33	4
9180	33	4
9181	33	4
9182	33	4
9183	33	4
9184	33	4
9185	33	4
9186	33	4
9187	33	4
9188	33	4
9189	33	4
9190	33	4
9191	33	4
9192	33	4
9193	33	4
9194	33	4
9195	33	4
9196	33	4
9197	33	4
9198	33	4
9199	33	4
9200	33	4
9201	33	4
9202	33	4
9203	33	4
9204	33	4
9205	33	4
9206	33	4
9207	33	4
9208	33	4
9209	33	4
9210	33	4
9211	33	4
9212	33	4
9213	33	4
9214	33	4
9215	33	4
9216	33	4
9217	33	4
9218	33	4
9219	33	4
9220	33	4
9221	33	4
9222	33	4
9223	33	4
9224	33	4
9225	33	4
9226	33	4
9227	33	4
9228	33	4
9229	33	4
9230	33	4
9231	33	4
9232	33	4
9233	33	4
9234	33	4
9235	33	4
9236	33	4
9237	33	4
9238	33	4
9239	33	4
9240	33	4
9241	33	4
9242	33	4
9243	33	4
9244	33	4
9245	33	4
9246	33	4
9247	33	4
9248	33	4
9249	33	4
9250	33	4
9251	33	4
9252	33	4
9253	33	4
9254	33	4
9255	33	4
9256	33	4
9257	33	4
9258	33	4
9259	33	4
9260	33	4
9261	33	4
9262	33	4
9263	33	4
9264	33	4
9265	33	4
9266	33	4
9267	33	4
9268	33	4
9269	33	4
9270	33	4
9271	33	4
9272	33	4
9273	33	4
9274	33	4
9275	33	4
9276	33	4
9277	33	4
9278	33	4
9279	33	4
9280	33	4
9281	33	4
9282	33	4
9283	33	4
9284	33	4
9285	33	4
9286	33	4
9287	33	4
9288	33	4
9289	33	4
9290	33	4
9291	33	4
9292	33	4
9293	33	4
9294	33	4
9295	33	4
9296	33	4
9297	33	4
9298	33	4
9299	33	4
9300	33	4
9301	33	4
9302	33	4
9303	33	4
9304	33	4
9305	33	4
9306	33	4
9307	33	4
9308	33	4
9309	33	4
9310	33	4
9311	33	4
9312	33	4
9313	33	4
9314	33	4
9315	33	4
9316	33	4
9317	33	4
9318	33	4
9319	33	4
9320	33	4
9321	33	4
9322	33	4
9323	33	4
9324	33	4
9325	33	4
9326	33	4
9327	33	4
9328	33	4
9329	33	4
9330	33	4
9331	33	4
9332	33	4
9333	33	4
9334	33	4
9335	33	4
9336	33	4
9337	33	4
9338	33	4
9339	33	4
9340	33	4
9341	33	4
9342	33	4
9343	33	4
9344	33	4
9345	33	4
9346	33	4
9347	33	4
9348	33	4
9349	33	4
9350	33	4
9351	33	4
9352	33	4
9353	33	4
9354	33	4
9355	33	4
9356	33	4
9357	33	4
9358	33	4
9359	33	4
9360	33	4
9361	33	4
9362	33	4
9363	33	4
9364	33	4
9365	33	4
9366	33	4
9367	33	4
9368	33	4
9369	33	4
9370	33	4
9371	33	4
9372	33	4
9373	33	4
9374	33	4
9375	33	4
9376	33	4
9377	33	4
9378	33	4
9379	33	4
9380	33	4
9381	33	4
9382	33	4
9383	33	4
9384	33	4
9385	33	4
9386	33	4
9387	33	4
9388	33	4
9389	33	4
9390	33	4
9391	33	4
9392	33	4
9393	33	4
9394	33	4
9395	33	4
9396	33	4
9397	33	4
9398	33	4
9399	33	4
9400	33	4
9401	33	4
9402	33	4
9403	33	4
9404	33	4
9405	33	4
9406	33	4
9407	33	4
9408	33	4
9409	33	4
9410	33	4
9411	33	4
9412	33	4
9413	33	4
9414	33	4
9415	33	4
9416	33	4
9417	33	4
9418	33	4
9419	33	4
9420	33	4
9421	33	4
9422	33	4
9423	33	4
9424	33	4
9425	33	4
9426	33	4
9427	33	4
9428	33	4
9429	33	4
9430	33	4
9431	33	4
9432	33	4
9433	33	4
9434	33	4
9435	33	4
9436	33	4
9437	33	4
9438	33	4
9439	33	4
9440	33	4
9441	33	4
9442	33	4
9443	33	4
9444	33	4
9445	33	4
9446	33	4
9447	33	4
9448	33	4
9449	33	4
9450	33	4
9451	33	4
9452	33	4
9453	33	4
9454	33	4
9455	33	4
9456	33	4
9457	33	4
9458	33	4
9459	33	4
9460	33	4
9461	33	4
9462	33	4
9463	33	4
9464	33	4
9465	33	4
9466	33	4
9467	33	4
9468	33	4
9469	33	4
9470	33	4
9471	33	4
9472	33	4
9473	33	4
9474	33	4
9475	33	4
9476	33	4
9477	33	4
9478	33	4
9479	33	4
9480	33	4
9481	33	4
9482	33	4
9483	33	4
9484	33	4
9485	33	4
9486	33	4
9487	33	4
9488	33	4
9489	33	4
9490	33	4
9491	33	4
9492	33	4
9493	33	4
9494	33	4
9495	33	4
9496	33	4
9497	33	4
9498	33	4
9499	33	4
9500	33	4
9501	33	4
9502	33	4
9503	33	4
9504	33	4
9505	33	4
9506	33	4
9507	33	4
9508	33	4
9509	33	4
9510	33	4
9511	33	4
9512	33	4
9513	33	4
9514	33	4
9515	33	4
9516	33	4
9517	33	4
9518	33	4
9519	33	4
9520	33	4
9521	33	4
9522	33	4
9523	33	4
9524	33	4
9525	33	4
9526	33	4
9527	33	4
9528	33	4
9529	33	4
9530	33	4
9531	33	4
9532	33	4
9533	33	4
9534	33	4
9535	33	4
9536	33	4
9537	33	4
9538	33	4
9539	33	4
9540	33	4
9541	33	4
9542	33	4
9543	33	4
9544	33	4
9545	33	4
9546	33	4
9547	33	4
9548	33	4
9549	33	4
9550	33	4
9551	33	4
9552	33	4
9553	33	4
9554	33	4
9555	33	4
9556	33	4
9557	33	4
9558	33	4
9559	33	4
9560	33	4
9561	33	4
9562	33	4
9563	33	4
9564	33	4
9565	33	4
9566	33	4
9567	33	4
9568	33	4
9569	33	4
9570	33	4
9571	33	4
9572	33	4
9573	33	4
9574	33	4
9575	33	4
9576	33	4
9577	33	4
9578	33	4
9579	33	4
9580	33	4
9581	33	4
9582	33	4
9583	33	4
9584	33	4
9585	33	4
9586	33	4
9587	33	4
9588	33	4
9589	33	4
9590	33	4
9591	33	4
9592	33	4
9593	33	4
9594	33	4
9595	33	4
9596	33	4
9597	33	4
9598	33	4
9599	33	4
9600	33	4
9601	33	4
9602	33	4
9603	33	4
9604	33	4
9605	33	4
9606	33	4
9607	33	4
9608	33	4
9609	33	4
9610	33	4
9611	33	4
9612	33	4
9613	33	4
9614	33	4
9615	33	4
9616	33	4
9617	33	4
9618	33	4
9619	33	4
9620	33	4
9621	33	4
9622	33	4
9623	33	4
9624	33	4
9625	33	4
9626	33	4
9627	33	4
9628	33	4
9629	33	4
9630	33	4
9631	33	4
9632	33	4
9633	33	4
9634	33	4
9635	33	4
9636	33	4
9637	33	4
9638	33	4
9639	33	4
9640	33	4
9641	33	4
9642	33	4
9643	33	4
9644	33	4
9645	33	4
9646	33	4
9647	33	4
9648	33	4
9649	33	4
9650	33	4
9651	33	4
9652	33	4
9653	33	4
9654	33	4
9655	33	4
9656	33	4
9657	33	4
9658	33	4
9659	33	4
9660	33	4
9661	33	4
9662	33	4
9663	33	4
9664	33	4
9665	33	4
9666	33	4
9667	33	4
9668	33	4
9669	33	4
9670	33	4
9671	33	4
9672	33	4
9673	33	4
9674	33	4
9675	33	4
9676	33	4
9677	33	4
9678	33	4
9679	33	4
9680	33	4
9681	33	4
9682	33	4
9683	33	4
9684	33	4
9685	33	4
9686	33	4
9687	33	4
9688	33	4
9689	33	4
9690	33	4
9691	33	4
9692	33	4
9693	33	4
9694	33	4
9695	33	4
9696	33	4
9697	33	4
9698	33	4
9699	33	4
9700	33	4
9701	33	4
9702	33	4
9703	33	4
9704	33	4
9705	33	4
9706	33	4
9707	33	4
9708	33	4
9709	33	4
9710	33	4
9711	33	4
9712	33	4
9713	33	4
9714	33	4
9715	33	4
9716	33	4
9717	33	4
9718	33	4
9719	33	4
9720	33	4
9721	33	4
9722	33	4
9723	33	4
9724	33	4
9725	33	4
9726	33	4
9727	33	4
9728	33	4
9729	33	4
9730	33	4
9731	33	4
9732	33	4
9733	33	4
9734	33	4
9735	33	4
9736	33	4
9737	33	4
9738	33	4
9739	33	4
9740	33	4
9741	33	4
9742	33	4
9743	33	4
9744	33	4
9745	33	4
9746	33	4
9747	33	4
9748	33	4
9749	33	4
9750	33	4
9751	33	4
9752	33	4
9753	33	4
9754	33	4
9755	33	4
9756	33	4
9757	33	4
9758	33	4
9759	33	4
9760	33	4
9761	33	4
9762	33	4
9763	33	4
9764	33	4
9765	33	4
9766	33	4
9767	33	4
9768	33	4
9769	33	4
9770	33	4
9771	33	4
9772	33	4
9773	33	4
9774	33	4
9775	33	4
9776	33	4
9777	33	4
9778	33	4
9779	33	4
9780	33	4
9781	33	4
9782	33	4
9783	33	4
9784	33	4
9785	33	4
9786	33	4
9787	33	4
9788	33	4
9789	33	4
9790	33	4
9791	33	4
9792	33	4
9793	33	4
9794	33	4
9795	33	4
9796	33	4
9797	33	4
9798	33	4
9799	33	4
9800	33	4
9801	33	4
9802	33	4
9803	33	4
9804	33	4
9805	33	4
9806	33	4
9807	33	4
9808	33	4
9809	33	4
9810	33	4
9811	33	4
9812	33	4
9813	33	4
9814	33	4
9815	33	4
9816	33	4
9817	33	4
9818	33	4
9819	33	4
9820	33	4
9821	33	4
9822	33	4
9823	33	4
9824	33	4
9825	33	4
9826	33	4
9827	33	4
9828	33	4
9829	33	4
9830	33	4
9831	33	4
9832	33	4
9833	33	4
9834	33	4
9835	33	4
9836	33	4
9837	33	4
9838	33	4
9839	33	4
9840	33	4
9841	33	4
9842	33	4
9843	33	4
9844	33	4
9845	33	4
9846	33	4
9847	33	4
9848	33	4
9849	33	4
9850	33	4
9851	33	4
9852	33	4
9853	33	4
9854	33	4
9855	33	4
9856	33	4
9857	33	4
9858	33	4
9859	33	4
9860	33	4
9861	33	4
9862	33	4
9863	33	4
9864	33	4
9865	33	4
9866	33	4
9867	33	4
9868	33	4
9869	33	4
9870	33	4
9871	33	4
9872	33	4
9873	33	4
9874	33	4
9875	33	4
9876	33	4
9877	33	4
9878	33	4
9879	33	4
9880	33	4
9881	33	4
9882	33	4
9883	33	4
9884	33	4
9885	33	4
9886	33	4
9887	33	4
9888	33	4
9889	33	4
9890	33	4
9891	33	4
9892	33	4
9893	33	4
9894	33	4
9895	33	4
9896	33	4
9897	33	4
9898	33	4
9899	33	4
9900	33	4
9901	33	4
9902	33	4
9903	33	4
9904	33	4
9905	33	4
9906	33	4
9907	33	4
9908	33	4
9909	33	4
9910	33	4
9911	33	4
9912	33	4
9913	33	4
9914	33	4
9915	33	4
9916	33	4
9917	33	4
9918	33	4
9919	33	4
9920	33	4
9921	33	4
9922	33	4
9923	33	4
9924	33	4
9925	33	4
9926	33	4
9927	33	4
9928	33	4
9929	33	4
9930	33	4
9931	33	4
9932	33	4
9933	33	4
9934	33	4
9935	33	4
9936	33	4
9937	33	4
9938	33	4
9939	33	4
9940	33	4
9941	33	4
9942	33	4
9943	33	4
9944	33	4
9945	33	4
9946	33	4
9947	33	4
9948	33	4
9949	33	4
9950	33	4
9951	33	4
9952	33	4
9953	33	4
9954	33	4
9955	33	4
9956	33	4
9957	33	4
9958	33	4
9959	33	4
9960	33	4
9961	33	4
9962	33	4
9963	33	4
9964	33	4
9965	33	4
9966	33	4
9967	33	4
9968	33	4
9969	33	4
9970	33	4
9971	33	4
9972	33	4
9973	33	4
9974	33	4
9975	33	4
9976	33	4
9977	33	4
9978	33	4
9979	33	4
9980	33	4
9981	33	4
9982	33	4
9983	33	4
9984	33	4
9985	33	4
9986	33	4
9987	33	4
9988	33	4
9989	33	4
9990	33	4
9991	33	4
9992	33	4
9993	33	4
9994	33	4
9995	33	4
9996	33	4
9997	33	4
9998	33	4
9999	33	4
10000	33	4
10001	33	4
10002	33	4
10003	33	4
10004	33	4
10005	33	4
10006	33	4
10007	33	4
10008	33	4
10009	33	4
10010	33	4
10011	33	4
10012	33	4
10013	33	4
10014	33	4
10015	33	4
10016	33	4
10017	33	4
10018	33	4
10019	33	4
10020	33	4
10021	33	4
10022	33	4
10023	33	4
10024	33	4
10025	33	4
10026	33	4
10027	33	4
10028	33	4
10029	33	4
10030	33	4
10031	33	4
10032	33	4
10033	33	4
10034	33	4
10035	33	4
10036	33	4
10037	33	4
10038	33	4
10039	33	4
10040	33	4
10041	33	4
10042	33	4
10043	33	4
10044	33	4
10045	33	4
10046	33	4
10047	33	4
10048	33	4
10049	33	4
10050	33	4
10051	33	4
10052	33	4
10053	33	4
10054	33	4
10055	33	4
10056	33	4
10057	33	4
10058	33	4
10059	33	4
10060	33	4
10061	33	4
10062	33	4
10063	33	4
10064	33	4
10065	33	4
10066	33	4
10067	33	4
10068	33	4
10069	33	4
10070	33	4
10071	33	4
10072	33	4
10073	33	4
10074	33	4
10075	33	4
10076	33	4
10077	33	4
10078	33	4
10079	33	4
10080	33	4
10081	33	4
10082	33	4
10083	33	4
10084	33	4
10085	33	4
10086	33	4
10087	33	4
10088	33	4
10089	33	4
10090	33	4
10091	33	4
10092	33	4
10093	33	4
10094	33	4
10095	33	4
10096	33	4
10097	33	4
10098	33	4
10099	33	4
10100	33	4
10101	33	4
10102	33	4
10103	33	4
10104	33	4
10105	33	4
10106	33	4
10107	33	4
10108	33	4
10109	33	4
10110	33	4
10111	33	4
10112	33	4
10113	33	4
10114	33	4
10115	33	4
10116	33	4
10117	33	4
10118	33	4
10119	33	4
10120	33	4
10121	33	4
10122	33	4
10123	33	4
10124	33	4
10125	33	4
10126	33	4
10127	33	4
10128	33	4
10129	33	4
10130	33	4
10131	33	4
10132	33	4
10133	33	4
10134	33	4
10135	33	4
10136	33	4
10137	33	4
10138	33	4
10139	33	4
10140	33	4
10141	33	4
10142	33	4
10143	33	4
10144	33	4
10145	33	4
10146	33	4
10147	33	4
10148	33	4
10149	33	4
10150	33	4
10151	33	4
10152	33	4
10153	33	4
10154	33	4
10155	33	4
10156	33	4
10157	33	4
10158	33	4
10159	33	4
10160	33	4
10161	33	4
10162	33	4
10163	33	4
10164	33	4
10165	33	4
10166	33	4
10167	33	4
10168	33	4
10169	33	4
10170	33	4
10171	33	4
10172	33	4
10173	33	4
10174	33	4
10175	33	4
10176	33	4
10177	33	4
10178	33	4
10179	33	4
10180	33	4
10181	33	4
10182	33	4
10183	33	4
10184	33	4
10185	33	4
10186	33	4
10187	33	4
10188	33	4
10189	33	4
10190	33	4
10191	33	4
10192	33	4
10193	33	4
10194	33	4
10195	33	4
10196	33	4
10197	33	4
10198	33	4
10199	33	4
10200	33	4
10201	33	4
10202	33	4
10203	33	4
10204	33	4
10205	33	4
10206	33	4
10207	33	4
10208	33	4
10209	33	4
10210	33	4
10211	33	4
10212	33	4
10213	33	4
10214	33	4
10215	33	4
10216	33	4
10217	33	4
10218	33	4
10219	33	4
10220	33	4
10221	33	4
10222	33	4
10223	33	4
10224	33	4
10225	33	4
10226	33	4
10227	33	4
10228	33	4
10229	33	4
10230	33	4
10231	33	4
10232	33	4
10233	33	4
10234	33	4
10235	33	5
10236	33	5
10237	33	5
10238	33	5
10239	33	5
10240	33	5
10241	33	5
10242	33	5
10243	33	5
10244	33	5
10245	33	5
10246	33	5
10247	33	5
10248	33	5
10249	33	5
10250	33	5
10251	33	5
10252	33	5
10253	33	5
10254	33	5
10255	33	5
10256	33	5
10257	33	5
10258	33	5
10259	33	5
10260	33	5
10261	33	5
10262	33	5
10263	33	5
10264	33	5
10265	33	5
10266	33	5
10267	33	5
10268	33	5
10269	33	5
10270	33	5
10271	33	5
10272	33	5
10273	33	6
