# Clock	In Chain	On Target
1	0	0
2	0	0
3	0	0
4	0	0
5	0	0
6	0	0
7	0	0
8	0	0
9	0	0
10	0	0
11	0	0
12	0	0
13	0	0
14	0	0
15	0	0
16	0	0
17	0	0
18	0	0
19	0	0
20	0	0
21	0	0
22	0	0
23	0	0
24	0	0
25	0	0
26	0	0
27	0	0
28	0	0
29	0	0
30	0	0
31	0	0
32	0	0
33	0	0
34	0	0
35	0	0
36	0	0
37	0	0
38	0	0
39	0	0
40	0	0
41	0	0
42	0	0
43	0	0
44	0	0
45	0	0
46	0	0
47	0	0
48	0	0
49	0	0
50	0	0
51	0	0
52	0	0
53	0	0
54	0	0
55	0	0
56	0	0
57	0	0
58	0	0
59	0	0
60	0	0
61	0	0
62	0	0
63	0	0
64	0	0
65	0	0
66	0	0
67	0	0
68	0	0
69	0	0
70	0	0
71	0	0
72	0	0
73	0	0
74	0	0
75	0	0
76	0	0
77	0	0
78	0	0
79	0	0
80	0	0
81	0	0
82	0	0
83	0	0
84	0	0
85	0	0
86	0	0
87	0	0
88	0	0
89	0	0
90	0	0
91	0	0
92	0	0
93	0	0
94	0	0
95	0	0
96	0	0
97	0	0
98	0	0
99	0	0
100	0	0
101	0	0
102	0	0
103	0	0
104	0	0
105	0	0
106	0	0
107	0	0
108	0	0
109	0	0
110	0	0
111	0	0
112	0	0
113	0	0
114	0	0
115	0	0
116	0	0
117	0	0
118	0	0
119	0	0
120	0	0
121	0	0
122	0	0
123	0	0
124	0	0
125	0	0
126	0	0
127	0	0
128	0	0
129	0	0
130	0	0
131	0	0
132	0	0
133	0	0
134	0	0
135	0	0
136	0	0
137	0	0
138	0	0
139	0	0
140	0	0
141	0	0
142	0	0
143	0	0
144	0	0
145	0	0
146	0	0
147	0	0
148	0	0
149	0	0
150	0	0
151	0	0
152	0	0
153	0	0
154	0	0
155	0	0
156	0	0
157	0	0
158	0	0
159	0	0
160	0	0
161	0	0
162	0	0
163	0	0
164	0	0
165	0	0
166	0	0
167	0	0
168	0	0
169	0	0
170	0	0
171	0	0
172	0	0
173	0	0
174	0	0
175	0	0
176	0	0
177	0	0
178	0	0
179	0	0
180	0	0
181	0	0
182	0	0
183	0	0
184	0	0
185	0	0
186	0	0
187	0	0
188	0	0
189	0	0
190	0	0
191	0	0
192	0	0
193	0	0
194	0	0
195	0	0
196	0	0
197	0	0
198	0	0
199	0	0
200	0	0
201	0	0
202	0	0
203	0	0
204	0	0
205	0	0
206	0	0
207	0	0
208	0	0
209	0	0
210	0	0
211	0	0
212	0	0
213	0	0
214	0	0
215	0	0
216	0	0
217	0	0
218	0	0
219	0	0
220	0	0
221	0	0
222	0	0
223	0	0
224	0	0
225	0	0
226	0	0
227	0	0
228	0	0
229	0	0
230	0	0
231	0	0
232	0	0
233	0	0
234	0	0
235	0	0
236	0	0
237	0	0
238	0	0
239	0	0
240	0	0
241	0	0
242	0	0
243	0	0
244	0	0
245	0	0
246	0	0
247	0	0
248	0	0
249	0	0
250	0	0
251	0	0
252	0	0
253	0	0
254	0	0
255	0	0
256	0	0
257	0	0
258	0	0
259	0	0
260	0	0
261	0	0
262	0	0
263	0	0
264	0	0
265	0	0
266	0	0
267	0	0
268	0	0
269	0	0
270	0	0
271	0	0
272	0	0
273	0	0
274	0	0
275	0	0
276	0	0
277	0	0
278	0	0
279	0	0
280	0	0
281	0	0
282	0	0
283	0	0
284	0	0
285	0	0
286	0	0
287	0	0
288	0	0
289	0	0
290	0	0
291	0	0
292	0	0
293	0	0
294	0	0
295	0	0
296	0	0
297	0	0
298	0	0
299	0	0
300	0	0
301	0	0
302	0	0
303	0	0
304	0	0
305	0	0
306	0	0
307	0	0
308	0	0
309	0	0
310	0	0
311	0	0
312	0	0
313	0	0
314	0	0
315	0	0
316	0	0
317	0	0
318	0	0
319	0	0
320	0	0
321	0	0
322	0	0
323	0	0
324	0	0
325	0	0
326	0	0
327	0	0
328	0	0
329	0	0
330	0	0
331	0	0
332	0	0
333	0	0
334	0	0
335	0	0
336	0	0
337	0	0
338	0	0
339	0	0
340	0	0
341	0	0
342	0	0
343	0	0
344	0	0
345	0	0
346	0	0
347	0	0
348	0	0
349	0	0
350	0	0
351	0	0
352	0	0
353	0	0
354	0	0
355	0	0
356	0	0
357	0	0
358	0	0
359	0	0
360	0	0
361	0	0
362	0	0
363	0	0
364	0	0
365	0	0
366	0	0
367	0	0
368	0	0
369	0	0
370	0	0
371	0	0
372	0	0
373	0	0
374	0	0
375	0	0
376	0	0
377	0	0
378	0	0
379	0	0
380	0	0
381	0	0
382	0	0
383	0	0
384	0	0
385	0	0
386	0	0
387	0	0
388	0	0
389	0	0
390	0	0
391	0	0
392	0	0
393	0	0
394	0	0
395	0	0
396	0	0
397	0	0
398	0	0
399	0	0
400	0	0
401	0	0
402	0	0
403	0	0
404	0	0
405	0	0
406	0	0
407	0	0
408	0	0
409	0	0
410	0	0
411	0	0
412	0	0
413	0	0
414	0	0
415	0	0
416	0	0
417	0	0
418	0	0
419	0	0
420	0	0
421	0	0
422	0	0
423	0	0
424	0	0
425	0	0
426	0	0
427	0	0
428	0	0
429	0	0
430	0	0
431	0	0
432	0	0
433	0	0
434	0	0
435	0	0
436	0	0
437	0	0
438	0	0
439	0	0
440	0	0
441	0	0
442	0	0
443	0	0
444	0	0
445	0	0
446	0	0
447	0	0
448	0	0
449	0	0
450	0	0
451	0	0
452	0	0
453	0	0
454	0	0
455	0	0
456	0	0
457	0	0
458	0	0
459	0	0
460	0	0
461	0	0
462	0	0
463	0	0
464	0	0
465	0	0
466	0	0
467	0	0
468	0	0
469	0	0
470	0	0
471	0	0
472	0	0
473	0	0
474	0	0
475	0	0
476	0	0
477	0	0
478	0	0
479	0	0
480	0	0
481	0	0
482	0	0
483	0	0
484	0	0
485	0	0
486	0	0
487	0	0
488	0	0
489	0	0
490	0	0
491	0	0
492	0	0
493	0	0
494	0	0
495	0	0
496	0	0
497	0	0
498	0	0
499	0	0
500	0	0
501	0	0
502	0	0
503	0	0
504	0	0
505	0	0
506	0	0
507	0	0
508	0	0
509	0	0
510	0	0
511	0	0
512	0	0
513	0	0
514	0	0
515	0	0
516	0	0
517	0	0
518	0	0
519	0	0
520	0	0
521	0	0
522	0	0
523	0	0
524	0	0
525	0	0
526	0	0
527	0	0
528	0	0
529	0	0
530	0	0
531	0	0
532	0	0
533	0	0
534	0	0
535	0	0
536	0	0
537	0	0
538	0	0
539	0	0
540	0	0
541	0	0
542	0	0
543	0	0
544	0	0
545	0	0
546	0	0
547	0	0
548	0	0
549	0	0
550	0	0
551	0	0
552	0	0
553	0	0
554	0	0
555	0	0
556	0	0
557	0	0
558	0	0
559	0	0
560	0	0
561	0	0
562	0	0
563	0	0
564	0	0
565	0	0
566	0	0
567	0	0
568	0	0
569	0	0
570	0	0
571	0	0
572	0	0
573	0	0
574	0	0
575	0	0
576	0	0
577	0	0
578	0	0
579	0	0
580	0	0
581	0	0
582	0	0
583	0	0
584	0	0
585	0	0
586	0	0
587	0	0
588	0	0
589	0	0
590	0	0
591	0	0
592	0	0
593	0	0
594	0	0
595	0	0
596	0	0
597	0	0
598	0	0
599	0	0
600	0	0
601	0	0
602	0	0
603	0	0
604	0	0
605	0	0
606	0	0
607	0	0
608	0	0
609	0	0
610	0	0
611	0	0
612	0	0
613	0	0
614	0	0
615	0	0
616	0	0
617	0	0
618	0	0
619	0	0
620	0	0
621	0	0
622	0	0
623	0	0
624	0	0
625	0	0
626	0	0
627	0	0
628	0	0
629	0	0
630	0	0
631	0	0
632	0	0
633	0	0
634	0	0
635	0	0
636	0	0
637	0	0
638	0	0
639	0	0
640	0	0
641	1	0
642	1	0
643	1	0
644	1	0
645	1	0
646	1	0
647	1	0
648	1	0
649	1	0
650	1	0
651	1	0
652	1	0
653	1	0
654	1	0
655	1	0
656	1	0
657	1	0
658	1	0
659	1	0
660	1	0
661	1	0
662	1	0
663	1	0
664	1	0
665	1	0
666	1	0
667	1	0
668	1	0
669	1	0
670	1	0
671	1	0
672	1	0
673	1	0
674	1	0
675	1	0
676	1	0
677	1	0
678	1	0
679	1	0
680	1	0
681	1	0
682	1	0
683	1	0
684	1	0
685	1	0
686	1	0
687	1	0
688	1	0
689	1	0
690	1	0
691	1	0
692	1	0
693	1	0
694	1	0
695	1	0
696	1	0
697	1	0
698	1	0
699	1	0
700	1	0
701	1	0
702	1	0
703	1	0
704	1	0
705	1	0
706	1	0
707	1	0
708	1	0
709	1	0
710	1	0
711	1	0
712	1	0
713	1	0
714	1	0
715	1	0
716	1	0
717	1	0
718	1	0
719	1	0
720	1	0
721	1	0
722	1	0
723	1	0
724	1	0
725	1	0
726	1	0
727	1	0
728	1	0
729	1	0
730	1	0
731	1	0
732	1	0
733	1	0
734	1	0
735	1	0
736	1	0
737	1	0
738	1	0
739	1	0
740	1	0
741	1	0
742	1	0
743	1	0
744	1	0
745	1	0
746	1	0
747	1	0
748	1	0
749	1	0
750	1	0
751	1	0
752	1	0
753	1	0
754	1	0
755	1	0
756	1	0
757	1	0
758	1	0
759	1	0
760	1	0
761	1	0
762	1	0
763	1	0
764	1	0
765	1	0
766	1	0
767	1	0
768	1	0
769	1	0
770	1	0
771	1	0
772	1	0
773	1	0
774	1	0
775	1	0
776	1	0
777	1	0
778	1	0
779	1	0
780	1	0
781	1	0
782	1	0
783	1	0
784	1	0
785	1	0
786	1	0
787	1	0
788	1	0
789	1	0
790	1	0
791	1	0
792	1	0
793	1	0
794	1	0
795	1	0
796	1	0
797	1	0
798	1	0
799	1	0
800	1	0
801	1	0
802	1	0
803	1	0
804	1	0
805	1	0
806	1	0
807	1	0
808	1	0
809	1	0
810	1	0
811	1	0
812	1	0
813	1	0
814	1	0
815	1	0
816	1	0
817	1	0
818	1	0
819	1	0
820	1	0
821	1	0
822	1	0
823	1	0
824	1	0
825	1	0
826	1	0
827	1	0
828	1	0
829	1	0
830	1	0
831	1	0
832	1	0
833	1	0
834	1	0
835	1	0
836	1	0
837	1	0
838	1	0
839	1	0
840	1	0
841	1	0
842	1	0
843	1	0
844	1	0
845	1	0
846	1	0
847	1	0
848	1	0
849	1	0
850	1	0
851	1	0
852	1	0
853	1	0
854	1	0
855	1	0
856	1	0
857	1	0
858	1	0
859	1	0
860	2	0
861	2	0
862	2	0
863	2	0
864	2	0
865	2	0
866	2	0
867	2	0
868	2	0
869	2	0
870	2	0
871	2	0
872	2	0
873	2	0
874	2	0
875	2	0
876	2	0
877	2	0
878	2	0
879	2	0
880	2	0
881	2	0
882	2	0
883	2	0
884	2	0
885	2	0
886	2	0
887	2	0
888	2	0
889	2	0
890	2	0
891	2	0
892	2	0
893	2	0
894	2	0
895	2	0
896	2	0
897	2	0
898	2	0
899	2	0
900	2	0
901	2	0
902	2	0
903	2	0
904	2	0
905	2	0
906	2	0
907	2	0
908	2	0
909	2	0
910	2	0
911	2	0
912	2	0
913	2	0
914	2	0
915	2	0
916	2	0
917	2	0
918	2	0
919	2	0
920	2	0
921	2	0
922	2	0
923	2	0
924	2	0
925	2	0
926	2	0
927	2	0
928	2	0
929	2	0
930	2	0
931	2	0
932	2	0
933	2	0
934	2	0
935	2	0
936	2	0
937	2	0
938	2	0
939	2	0
940	2	0
941	2	0
942	2	0
943	2	0
944	2	0
945	2	0
946	2	0
947	2	0
948	2	0
949	2	0
950	2	0
951	2	0
952	2	0
953	2	0
954	2	0
955	2	0
956	2	0
957	2	0
958	2	0
959	2	0
960	2	0
961	2	0
962	2	0
963	2	0
964	2	0
965	2	0
966	2	0
967	2	0
968	2	0
969	2	0
970	2	0
971	2	0
972	2	0
973	2	0
974	2	0
975	2	0
976	2	0
977	2	0
978	2	0
979	2	0
980	2	0
981	2	0
982	2	0
983	2	0
984	2	0
985	2	0
986	2	0
987	2	0
988	2	0
989	2	0
990	2	0
991	2	0
992	2	0
993	2	0
994	2	0
995	2	0
996	2	0
997	2	0
998	2	0
999	2	0
1000	2	0
1001	2	0
1002	2	0
1003	2	0
1004	2	0
1005	2	0
1006	2	0
1007	2	0
1008	2	0
1009	2	0
1010	2	0
1011	2	0
1012	2	0
1013	2	0
1014	2	0
1015	2	0
1016	2	0
1017	2	0
1018	2	0
1019	2	0
1020	2	0
1021	2	0
1022	2	0
1023	2	0
1024	2	0
1025	2	0
1026	2	0
1027	2	0
1028	2	0
1029	2	0
1030	2	0
1031	2	0
1032	2	0
1033	2	0
1034	2	0
1035	2	0
1036	2	0
1037	2	0
1038	2	0
1039	2	0
1040	2	0
1041	2	0
1042	2	0
1043	2	0
1044	2	0
1045	2	0
1046	2	0
1047	2	0
1048	2	0
1049	2	0
1050	2	0
1051	2	0
1052	2	0
1053	2	0
1054	2	0
1055	2	0
1056	2	0
1057	2	0
1058	2	0
1059	2	0
1060	2	0
1061	2	0
1062	2	0
1063	2	0
1064	2	0
1065	2	0
1066	2	0
1067	2	0
1068	2	0
1069	2	0
1070	2	0
1071	2	0
1072	2	0
1073	2	0
1074	2	0
1075	2	0
1076	2	0
1077	2	0
1078	2	0
1079	2	0
1080	2	0
1081	2	0
1082	2	0
1083	2	0
1084	2	0
1085	2	0
1086	2	0
1087	2	0
1088	2	0
1089	2	0
1090	2	0
1091	2	0
1092	2	0
1093	2	0
1094	2	0
1095	2	0
1096	2	0
1097	2	0
1098	2	0
1099	2	0
1100	2	0
1101	2	0
1102	2	0
1103	2	0
1104	2	0
1105	2	0
1106	2	0
1107	2	0
1108	2	0
1109	2	0
1110	2	0
1111	2	0
1112	2	0
1113	2	0
1114	2	0
1115	2	0
1116	2	0
1117	2	0
1118	2	0
1119	2	0
1120	2	0
1121	2	0
1122	2	0
1123	2	0
1124	2	0
1125	2	0
1126	2	0
1127	2	0
1128	2	0
1129	2	0
1130	2	0
1131	2	0
1132	2	0
1133	2	0
1134	2	0
1135	2	0
1136	2	0
1137	2	0
1138	2	0
1139	2	0
1140	2	0
1141	2	0
1142	2	0
1143	2	0
1144	2	0
1145	2	0
1146	2	0
1147	2	0
1148	2	0
1149	2	0
1150	2	0
1151	2	0
1152	2	0
1153	2	0
1154	2	0
1155	3	0
1156	3	0
1157	3	0
1158	3	0
1159	3	0
1160	3	0
1161	3	0
1162	3	0
1163	3	0
1164	3	0
1165	3	0
1166	3	0
1167	3	0
1168	3	0
1169	3	0
1170	3	0
1171	3	0
1172	3	0
1173	3	0
1174	3	0
1175	3	0
1176	3	0
1177	3	0
1178	3	0
1179	3	0
1180	3	0
1181	3	0
1182	3	0
1183	3	0
1184	3	0
1185	3	0
1186	3	0
1187	3	0
1188	3	0
1189	3	0
1190	3	0
1191	3	0
1192	3	0
1193	3	0
1194	3	0
1195	3	0
1196	3	0
1197	3	0
1198	3	0
1199	3	0
1200	3	0
1201	3	0
1202	3	0
1203	3	0
1204	3	0
1205	3	0
1206	3	0
1207	3	0
1208	3	0
1209	3	0
1210	3	0
1211	3	0
1212	3	0
1213	3	0
1214	3	0
1215	3	0
1216	3	0
1217	3	0
1218	3	0
1219	3	0
1220	3	0
1221	3	0
1222	3	0
1223	3	0
1224	3	0
1225	3	0
1226	3	0
1227	3	0
1228	3	0
1229	3	0
1230	3	0
1231	3	0
1232	3	0
1233	3	0
1234	3	0
1235	3	0
1236	3	0
1237	3	0
1238	3	0
1239	3	0
1240	3	0
1241	3	0
1242	3	0
1243	3	0
1244	3	0
1245	3	0
1246	3	0
1247	3	0
1248	3	0
1249	3	0
1250	3	0
1251	3	0
1252	3	0
1253	3	0
1254	3	0
1255	3	0
1256	3	0
1257	3	0
1258	3	0
1259	3	0
1260	3	0
1261	3	0
1262	3	0
1263	3	0
1264	3	0
1265	3	0
1266	3	0
1267	3	0
1268	3	0
1269	3	0
1270	3	0
1271	3	0
1272	3	0
1273	3	0
1274	3	0
1275	3	0
1276	3	0
1277	3	0
1278	3	0
1279	3	0
1280	3	0
1281	3	0
1282	3	0
1283	3	0
1284	3	0
1285	3	0
1286	3	0
1287	3	0
1288	3	0
1289	3	0
1290	3	0
1291	3	0
1292	3	0
1293	3	0
1294	3	0
1295	3	0
1296	3	0
1297	3	0
1298	3	0
1299	3	0
1300	3	0
1301	3	0
1302	3	0
1303	3	0
1304	3	0
1305	3	0
1306	3	0
1307	3	0
1308	3	0
1309	3	0
1310	3	0
1311	3	0
1312	3	0
1313	3	0
1314	3	0
1315	3	0
1316	3	0
1317	3	0
1318	3	0
1319	3	0
1320	3	0
1321	3	0
1322	3	0
1323	3	0
1324	3	0
1325	3	0
1326	3	0
1327	3	0
1328	3	0
1329	3	0
1330	3	0
1331	3	0
1332	3	0
1333	3	0
1334	3	0
1335	3	0
1336	3	0
1337	3	0
1338	3	0
1339	3	0
1340	4	0
1341	4	0
1342	4	0
1343	4	0
1344	4	0
1345	4	0
1346	4	0
1347	4	0
1348	4	0
1349	4	0
1350	4	0
1351	4	0
1352	4	0
1353	4	0
1354	4	0
1355	4	0
1356	4	0
1357	4	0
1358	4	0
1359	4	0
1360	4	0
1361	4	0
1362	4	0
1363	4	0
1364	4	0
1365	4	0
1366	4	0
1367	4	0
1368	4	0
1369	4	0
1370	4	0
1371	4	0
1372	4	0
1373	4	0
1374	4	0
1375	4	0
1376	4	0
1377	4	0
1378	4	0
1379	4	0
1380	4	0
1381	4	0
1382	4	0
1383	4	0
1384	4	0
1385	4	0
1386	4	0
1387	4	0
1388	4	0
1389	4	0
1390	4	0
1391	4	0
1392	4	0
1393	4	0
1394	4	0
1395	4	0
1396	4	0
1397	4	0
1398	4	0
1399	4	0
1400	4	0
1401	4	0
1402	4	0
1403	4	0
1404	4	0
1405	4	0
1406	4	0
1407	4	0
1408	4	0
1409	4	0
1410	4	0
1411	4	0
1412	4	0
1413	4	0
1414	4	0
1415	4	0
1416	4	0
1417	4	0
1418	4	0
1419	4	0
1420	4	0
1421	4	0
1422	4	0
1423	4	0
1424	4	0
1425	4	0
1426	4	0
1427	4	0
1428	4	0
1429	4	0
1430	4	0
1431	4	0
1432	4	0
1433	4	0
1434	4	0
1435	4	0
1436	4	0
1437	4	0
1438	4	0
1439	4	0
1440	4	0
1441	4	0
1442	4	0
1443	4	0
1444	4	0
1445	4	0
1446	4	0
1447	4	0
1448	4	0
1449	4	0
1450	4	0
1451	4	0
1452	4	0
1453	4	0
1454	4	0
1455	4	0
1456	4	0
1457	4	0
1458	4	0
1459	4	0
1460	4	0
1461	4	0
1462	4	0
1463	4	0
1464	4	0
1465	4	0
1466	4	0
1467	4	0
1468	4	0
1469	4	0
1470	4	0
1471	4	0
1472	4	0
1473	4	0
1474	4	0
1475	4	0
1476	4	0
1477	4	0
1478	4	0
1479	4	0
1480	4	0
1481	4	0
1482	4	0
1483	4	0
1484	4	0
1485	4	0
1486	4	0
1487	4	0
1488	4	0
1489	4	0
1490	4	0
1491	4	0
1492	4	0
1493	4	0
1494	4	0
1495	4	0
1496	4	0
1497	4	0
1498	4	0
1499	4	0
1500	4	0
1501	4	0
1502	4	0
1503	4	0
1504	4	0
1505	4	0
1506	4	0
1507	4	0
1508	4	0
1509	4	0
1510	4	0
1511	4	0
1512	4	0
1513	4	0
1514	4	0
1515	4	0
1516	4	0
1517	4	0
1518	4	0
1519	4	0
1520	4	0
1521	4	0
1522	4	0
1523	4	0
1524	4	0
1525	4	0
1526	4	0
1527	4	0
1528	4	0
1529	4	0
1530	4	0
1531	4	0
1532	4	0
1533	4	0
1534	4	0
1535	4	0
1536	4	0
1537	4	0
1538	4	0
1539	4	0
1540	4	0
1541	4	0
1542	4	0
1543	4	0
1544	4	0
1545	4	0
1546	4	0
1547	4	0
1548	4	0
1549	4	0
1550	4	0
1551	4	0
1552	4	0
1553	4	0
1554	4	0
1555	4	0
1556	4	0
1557	4	0
1558	4	0
1559	4	0
1560	4	0
1561	4	0
1562	4	0
1563	4	0
1564	4	0
1565	4	0
1566	4	0
1567	4	0
1568	4	0
1569	4	0
1570	4	0
1571	4	0
1572	4	0
1573	4	0
1574	4	0
1575	4	0
1576	4	0
1577	4	0
1578	4	0
1579	4	0
1580	4	0
1581	4	0
1582	4	0
1583	5	0
1584	5	0
1585	5	0
1586	5	0
1587	5	0
1588	5	0
1589	5	0
1590	5	0
1591	5	0
1592	5	0
1593	5	0
1594	5	0
1595	5	0
1596	5	0
1597	5	0
1598	5	0
1599	5	0
1600	5	0
1601	6	0
1602	6	0
1603	6	0
1604	6	0
1605	6	0
1606	6	0
1607	6	0
1608	6	0
1609	6	0
1610	6	0
1611	6	0
1612	6	0
1613	6	0
1614	6	0
1615	6	0
1616	6	0
1617	6	0
1618	6	0
1619	6	0
1620	6	0
1621	6	0
1622	6	0
1623	6	0
1624	6	0
1625	6	0
1626	6	0
1627	6	0
1628	6	0
1629	6	0
1630	6	0
1631	6	0
1632	6	0
1633	6	0
1634	6	0
1635	6	0
1636	6	0
1637	6	0
1638	6	0
1639	6	0
1640	6	0
1641	6	0
1642	6	0
1643	6	0
1644	6	0
1645	6	0
1646	6	0
1647	6	0
1648	6	0
1649	6	0
1650	6	0
1651	6	0
1652	6	0
1653	6	0
1654	6	0
1655	6	0
1656	6	0
1657	6	0
1658	6	0
1659	6	0
1660	6	0
1661	6	0
1662	6	0
1663	6	0
1664	6	0
1665	6	0
1666	6	0
1667	6	0
1668	6	0
1669	6	0
1670	6	0
1671	6	0
1672	6	0
1673	6	0
1674	6	0
1675	6	0
1676	6	0
1677	6	0
1678	6	0
1679	6	0
1680	6	0
1681	6	0
1682	6	0
1683	6	0
1684	6	0
1685	6	0
1686	6	0
1687	6	0
1688	6	0
1689	6	0
1690	6	0
1691	6	0
1692	6	0
1693	6	0
1694	6	0
1695	6	0
1696	6	0
1697	6	0
1698	6	0
1699	6	0
1700	6	0
1701	6	0
1702	6	0
1703	6	0
1704	6	0
1705	6	0
1706	6	0
1707	6	0
1708	6	0
1709	6	0
1710	6	0
1711	6	0
1712	6	0
1713	6	0
1714	6	0
1715	6	0
1716	6	0
1717	6	0
1718	6	0
1719	6	0
1720	6	0
1721	6	0
1722	6	0
1723	6	0
1724	6	0
1725	6	0
1726	6	0
1727	6	0
1728	6	0
1729	6	0
1730	6	0
1731	6	0
1732	6	0
1733	6	0
1734	6	0
1735	6	0
1736	6	0
1737	6	0
1738	6	0
1739	6	0
1740	6	0
1741	6	0
1742	6	0
1743	6	0
1744	6	0
1745	6	0
1746	6	0
1747	6	0
1748	6	0
1749	6	0
1750	6	0
1751	6	0
1752	6	0
1753	6	0
1754	6	0
1755	6	0
1756	7	0
1757	7	0
1758	7	0
1759	7	0
1760	7	0
1761	7	0
1762	7	0
1763	7	0
1764	7	0
1765	7	0
1766	7	0
1767	7	0
1768	7	0
1769	7	0
1770	7	0
1771	7	0
1772	7	0
1773	7	0
1774	7	0
1775	7	0
1776	7	0
1777	7	0
1778	7	0
1779	7	0
1780	7	0
1781	7	0
1782	7	0
1783	7	0
1784	7	0
1785	7	0
1786	7	0
1787	7	0
1788	7	0
1789	7	0
1790	7	0
1791	7	0
1792	7	0
1793	7	0
1794	7	0
1795	7	0
1796	7	0
1797	7	0
1798	7	0
1799	7	0
1800	7	0
1801	7	0
1802	7	0
1803	7	0
1804	7	0
1805	7	0
1806	7	0
1807	7	0
1808	7	0
1809	7	0
1810	7	0
1811	7	0
1812	7	0
1813	7	0
1814	7	0
1815	7	0
1816	7	0
1817	7	0
1818	7	0
1819	7	0
1820	7	0
1821	7	0
1822	7	0
1823	7	0
1824	7	0
1825	7	0
1826	7	0
1827	7	0
1828	7	0
1829	7	0
1830	7	0
1831	7	0
1832	7	0
1833	7	0
1834	7	0
1835	7	0
1836	7	0
1837	7	0
1838	7	0
1839	7	0
1840	7	0
1841	7	0
1842	7	0
1843	7	0
1844	7	0
1845	7	0
1846	7	0
1847	7	0
1848	7	0
1849	7	0
1850	7	0
1851	7	0
1852	7	0
1853	7	0
1854	7	0
1855	7	0
1856	7	0
1857	7	0
1858	7	0
1859	7	0
1860	7	0
1861	7	0
1862	7	0
1863	7	0
1864	7	0
1865	7	0
1866	7	0
1867	7	0
1868	7	0
1869	7	0
1870	7	0
1871	7	0
1872	7	0
1873	7	0
1874	7	0
1875	7	0
1876	7	0
1877	7	0
1878	7	0
1879	7	0
1880	7	0
1881	7	0
1882	7	0
1883	7	0
1884	7	0
1885	7	0
1886	7	0
1887	7	0
1888	7	0
1889	7	0
1890	7	0
1891	7	0
1892	7	0
1893	7	0
1894	7	0
1895	7	0
1896	7	0
1897	7	0
1898	7	0
1899	7	0
1900	7	0
1901	7	0
1902	7	0
1903	7	0
1904	7	0
1905	7	0
1906	7	0
1907	7	0
1908	7	0
1909	7	0
1910	7	0
1911	7	0
1912	7	0
1913	7	0
1914	7	0
1915	7	0
1916	7	0
1917	7	0
1918	7	0
1919	7	0
1920	7	0
1921	7	0
1922	7	0
1923	7	0
1924	7	0
1925	7	0
1926	7	0
1927	7	0
1928	7	0
1929	7	0
1930	7	0
1931	7	0
1932	7	0
1933	7	0
1934	7	0
1935	7	0
1936	7	0
1937	7	0
1938	7	0
1939	7	0
1940	7	0
1941	7	0
1942	7	0
1943	7	0
1944	7	0
1945	7	0
1946	7	0
1947	7	0
1948	7	0
1949	7	0
1950	7	0
1951	7	0
1952	7	0
1953	7	0
1954	7	0
1955	7	0
1956	7	0
1957	7	0
1958	7	0
1959	7	0
1960	7	0
1961	7	0
1962	7	0
1963	7	0
1964	7	0
1965	7	0
1966	7	0
1967	7	0
1968	7	0
1969	7	0
1970	7	0
1971	7	0
1972	7	0
1973	7	0
1974	7	0
1975	7	0
1976	7	0
1977	7	0
1978	7	0
1979	7	0
1980	7	0
1981	7	0
1982	7	0
1983	7	0
1984	7	0
1985	7	0
1986	7	0
1987	7	0
1988	7	0
1989	7	0
1990	7	0
1991	8	0
1992	8	0
1993	8	0
1994	8	0
1995	8	0
1996	8	0
1997	8	0
1998	8	0
1999	8	0
2000	8	0
2001	8	0
2002	8	0
2003	8	0
2004	8	0
2005	8	0
2006	8	0
2007	8	0
2008	8	0
2009	8	0
2010	8	0
2011	8	0
2012	8	0
2013	8	0
2014	8	0
2015	8	0
2016	8	0
2017	8	0
2018	8	0
2019	8	0
2020	8	0
2021	8	0
2022	8	0
2023	8	0
2024	8	0
2025	8	0
2026	8	0
2027	8	0
2028	8	0
2029	8	0
2030	8	0
2031	8	0
2032	8	0
2033	8	0
2034	8	0
2035	8	0
2036	8	0
2037	8	0
2038	8	0
2039	8	0
2040	8	0
2041	8	0
2042	8	0
2043	8	0
2044	8	0
2045	8	0
2046	8	0
2047	8	0
2048	8	0
2049	8	0
2050	8	0
2051	8	0
2052	8	0
2053	8	0
2054	8	0
2055	8	0
2056	8	0
2057	8	0
2058	8	0
2059	8	0
2060	8	0
2061	8	0
2062	8	0
2063	8	0
2064	8	0
2065	8	0
2066	8	0
2067	8	0
2068	8	0
2069	8	0
2070	8	0
2071	8	0
2072	8	0
2073	8	0
2074	8	0
2075	8	0
2076	8	0
2077	8	0
2078	8	0
2079	8	0
2080	8	0
2081	8	0
2082	8	0
2083	8	0
2084	8	0
2085	8	0
2086	8	0
2087	8	0
2088	8	0
2089	8	0
2090	8	0
2091	8	0
2092	8	0
2093	8	0
2094	8	0
2095	8	0
2096	8	0
2097	8	0
2098	8	0
2099	8	0
2100	8	0
2101	8	0
2102	8	0
2103	8	0
2104	8	0
2105	8	0
2106	8	0
2107	8	0
2108	8	0
2109	8	0
2110	8	0
2111	8	0
2112	8	0
2113	8	0
2114	8	0
2115	8	0
2116	8	0
2117	8	0
2118	8	0
2119	8	0
2120	8	0
2121	8	0
2122	8	0
2123	8	0
2124	8	0
2125	8	0
2126	8	0
2127	8	0
2128	8	0
2129	8	0
2130	8	0
2131	8	0
2132	8	0
2133	8	0
2134	8	0
2135	8	0
2136	8	0
2137	8	0
2138	8	0
2139	8	0
2140	8	0
2141	8	0
2142	8	0
2143	8	0
2144	8	0
2145	8	0
2146	8	0
2147	8	0
2148	9	0
2149	9	0
2150	9	0
2151	9	0
2152	9	0
2153	9	0
2154	9	0
2155	9	0
2156	9	0
2157	9	0
2158	9	0
2159	9	0
2160	9	0
2161	9	0
2162	9	0
2163	9	0
2164	9	0
2165	9	0
2166	9	0
2167	9	0
2168	9	0
2169	9	0
2170	9	0
2171	9	0
2172	9	0
2173	9	0
2174	9	0
2175	9	0
2176	9	0
2177	9	0
2178	9	0
2179	9	0
2180	9	0
2181	9	0
2182	9	0
2183	9	0
2184	9	0
2185	9	0
2186	9	0
2187	9	0
2188	9	0
2189	9	0
2190	9	0
2191	9	0
2192	9	0
2193	9	0
2194	9	0
2195	9	0
2196	9	0
2197	9	0
2198	9	0
2199	9	0
2200	9	0
2201	9	0
2202	9	0
2203	9	0
2204	9	0
2205	9	0
2206	9	0
2207	9	0
2208	9	0
2209	9	0
2210	9	0
2211	9	0
2212	9	0
2213	9	0
2214	9	0
2215	9	0
2216	9	0
2217	9	0
2218	9	0
2219	9	0
2220	9	0
2221	9	0
2222	9	0
2223	9	0
2224	9	0
2225	9	0
2226	9	0
2227	9	0
2228	9	0
2229	9	0
2230	9	0
2231	9	0
2232	9	0
2233	9	0
2234	9	0
2235	9	0
2236	9	0
2237	9	0
2238	9	0
2239	10	0
2240	10	0
2241	10	0
2242	10	0
2243	10	0
2244	10	0
2245	10	0
2246	10	0
2247	10	0
2248	10	0
2249	10	0
2250	10	0
2251	10	0
2252	10	0
2253	10	0
2254	10	0
2255	10	0
2256	10	0
2257	10	0
2258	10	0
2259	10	0
2260	10	0
2261	10	0
2262	10	0
2263	10	0
2264	10	0
2265	10	0
2266	10	0
2267	10	0
2268	10	0
2269	10	0
2270	10	0
2271	10	0
2272	10	0
2273	10	0
2274	10	0
2275	10	0
2276	10	0
2277	10	0
2278	10	0
2279	10	0
2280	10	0
2281	10	0
2282	10	0
2283	10	0
2284	10	0
2285	10	0
2286	10	0
2287	10	0
2288	10	0
2289	10	0
2290	10	0
2291	11	0
2292	11	0
2293	11	0
2294	11	0
2295	11	0
2296	11	0
2297	11	0
2298	11	0
2299	11	0
2300	11	0
2301	11	0
2302	11	0
2303	11	0
2304	11	0
2305	11	0
2306	11	0
2307	11	0
2308	11	0
2309	11	0
2310	11	0
2311	11	0
2312	11	0
2313	11	0
2314	11	0
2315	11	0
2316	11	0
2317	11	0
2318	11	0
2319	11	0
2320	11	0
2321	11	0
2322	11	0
2323	11	0
2324	11	0
2325	11	0
2326	11	0
2327	11	0
2328	11	0
2329	11	0
2330	11	0
2331	11	0
2332	11	0
2333	11	0
2334	11	0
2335	11	0
2336	11	0
2337	11	0
2338	11	0
2339	11	0
2340	11	0
2341	11	0
2342	11	0
2343	11	0
2344	11	0
2345	11	0
2346	11	0
2347	11	0
2348	11	0
2349	11	0
2350	11	0
2351	11	0
2352	11	0
2353	11	0
2354	11	0
2355	11	0
2356	11	0
2357	11	0
2358	11	0
2359	11	0
2360	11	0
2361	11	0
2362	11	0
2363	11	0
2364	11	0
2365	11	0
2366	11	0
2367	11	0
2368	11	0
2369	11	0
2370	11	0
2371	11	0
2372	11	0
2373	11	0
2374	11	0
2375	11	0
2376	11	0
2377	11	0
2378	11	0
2379	11	0
2380	11	0
2381	11	0
2382	11	0
2383	11	0
2384	11	0
2385	11	0
2386	11	0
2387	11	0
2388	11	0
2389	11	0
2390	11	0
2391	11	0
2392	11	0
2393	11	0
2394	11	0
2395	11	0
2396	11	0
2397	11	0
2398	11	0
2399	11	0
2400	11	0
2401	11	0
2402	11	0
2403	11	0
2404	11	0
2405	11	0
2406	11	0
2407	11	0
2408	11	0
2409	11	0
2410	11	0
2411	11	0
2412	11	0
2413	11	0
2414	11	0
2415	11	0
2416	11	0
2417	11	0
2418	11	0
2419	11	0
2420	11	0
2421	11	0
2422	11	0
2423	11	0
2424	11	0
2425	11	0
2426	11	0
2427	11	0
2428	11	0
2429	11	0
2430	11	0
2431	11	0
2432	11	0
2433	11	0
2434	11	0
2435	11	0
2436	11	0
2437	11	0
2438	11	0
2439	11	0
2440	11	0
2441	11	0
2442	11	0
2443	11	0
2444	11	0
2445	11	0
2446	11	0
2447	11	0
2448	11	0
2449	11	0
2450	11	0
2451	11	0
2452	11	0
2453	11	0
2454	11	0
2455	11	0
2456	11	0
2457	11	0
2458	11	0
2459	11	0
2460	11	0
2461	11	0
2462	11	0
2463	11	0
2464	11	0
2465	11	0
2466	11	0
2467	11	0
2468	11	0
2469	11	0
2470	11	0
2471	11	0
2472	11	0
2473	11	0
2474	11	0
2475	11	0
2476	11	0
2477	11	0
2478	11	0
2479	11	0
2480	11	0
2481	11	0
2482	11	0
2483	11	0
2484	11	0
2485	11	0
2486	11	0
2487	11	0
2488	11	0
2489	11	0
2490	11	0
2491	11	0
2492	12	0
2493	12	0
2494	12	0
2495	12	0
2496	12	0
2497	12	0
2498	12	0
2499	12	0
2500	12	0
2501	12	0
2502	12	0
2503	12	0
2504	12	0
2505	12	0
2506	12	0
2507	12	0
2508	12	0
2509	12	0
2510	12	0
2511	12	0
2512	12	0
2513	12	0
2514	12	0
2515	12	0
2516	12	0
2517	12	0
2518	12	0
2519	12	0
2520	12	0
2521	12	0
2522	12	0
2523	12	0
2524	12	0
2525	12	0
2526	12	0
2527	12	0
2528	12	0
2529	12	0
2530	12	0
2531	12	0
2532	12	0
2533	12	0
2534	12	0
2535	12	0
2536	12	0
2537	12	0
2538	12	0
2539	12	0
2540	12	0
2541	12	0
2542	12	0
2543	12	0
2544	12	0
2545	12	0
2546	12	0
2547	12	0
2548	12	0
2549	12	0
2550	12	0
2551	12	0
2552	12	0
2553	12	0
2554	12	0
2555	12	0
2556	12	0
2557	12	0
2558	12	0
2559	12	0
2560	12	0
2561	12	0
2562	12	0
2563	12	0
2564	12	0
2565	12	0
2566	12	0
2567	12	0
2568	12	0
2569	12	0
2570	12	0
2571	12	0
2572	12	0
2573	12	0
2574	12	0
2575	12	0
2576	12	0
2577	12	0
2578	12	0
2579	12	0
2580	12	0
2581	12	0
2582	12	0
2583	12	0
2584	12	0
2585	12	0
2586	12	0
2587	12	0
2588	12	0
2589	12	0
2590	12	0
2591	12	0
2592	12	0
2593	12	0
2594	12	0
2595	12	0
2596	12	0
2597	12	0
2598	12	0
2599	12	0
2600	12	0
2601	12	0
2602	12	0
2603	12	0
2604	12	0
2605	12	0
2606	12	0
2607	12	0
2608	12	0
2609	12	0
2610	12	0
2611	12	0
2612	12	0
2613	12	0
2614	12	0
2615	12	0
2616	12	0
2617	12	0
2618	12	0
2619	12	0
2620	12	0
2621	12	0
2622	12	0
2623	12	0
2624	12	0
2625	12	0
2626	12	0
2627	12	0
2628	12	0
2629	12	0
2630	12	0
2631	12	0
2632	12	0
2633	12	0
2634	12	0
2635	12	0
2636	12	0
2637	12	0
2638	12	0
2639	12	0
2640	12	0
2641	12	0
2642	12	0
2643	12	0
2644	12	0
2645	12	0
2646	12	0
2647	12	0
2648	12	0
2649	12	0
2650	12	0
2651	12	0
2652	12	0
2653	12	0
2654	12	0
2655	12	0
2656	12	0
2657	12	0
2658	12	0
2659	12	0
2660	12	0
2661	12	0
2662	12	0
2663	12	0
2664	12	0
2665	12	0
2666	12	0
2667	12	0
2668	12	0
2669	12	0
2670	12	0
2671	12	0
2672	12	0
2673	12	0
2674	12	0
2675	12	0
2676	12	0
2677	12	0
2678	12	0
2679	12	0
2680	12	0
2681	12	0
2682	12	0
2683	12	0
2684	12	0
2685	12	0
2686	12	0
2687	12	0
2688	12	0
2689	12	0
2690	12	0
2691	12	0
2692	12	0
2693	12	0
2694	13	0
2695	13	0
2696	13	0
2697	13	0
2698	14	0
2699	14	0
2700	14	0
2701	14	0
2702	14	0
2703	14	0
2704	14	0
2705	14	0
2706	14	0
2707	14	0
2708	14	0
2709	14	0
2710	14	0
2711	14	0
2712	14	0
2713	14	0
2714	14	0
2715	14	0
2716	14	0
2717	14	0
2718	14	0
2719	14	0
2720	14	0
2721	14	0
2722	14	0
2723	14	0
2724	14	0
2725	14	0
2726	14	0
2727	14	0
2728	14	0
2729	14	0
2730	14	0
2731	14	0
2732	14	0
2733	14	0
2734	14	0
2735	14	0
2736	14	0
2737	14	0
2738	14	0
2739	14	0
2740	14	0
2741	14	0
2742	14	0
2743	14	0
2744	14	0
2745	14	0
2746	14	0
2747	14	0
2748	14	0
2749	14	0
2750	14	0
2751	14	0
2752	14	0
2753	14	0
2754	14	0
2755	14	0
2756	14	0
2757	14	0
2758	14	0
2759	14	0
2760	14	0
2761	14	0
2762	14	0
2763	14	0
2764	14	0
2765	14	0
2766	14	0
2767	14	0
2768	14	0
2769	14	0
2770	14	0
2771	14	0
2772	14	0
2773	14	0
2774	14	0
2775	14	0
2776	14	0
2777	14	0
2778	14	0
2779	14	0
2780	14	0
2781	14	0
2782	14	0
2783	14	0
2784	14	0
2785	14	0
2786	14	0
2787	14	0
2788	14	0
2789	14	0
2790	14	0
2791	14	0
2792	14	0
2793	14	0
2794	14	0
2795	14	0
2796	14	0
2797	14	0
2798	14	0
2799	14	0
2800	14	0
2801	14	0
2802	14	0
2803	14	0
2804	14	0
2805	14	0
2806	14	0
2807	14	0
2808	14	0
2809	14	0
2810	14	0
2811	14	0
2812	14	0
2813	14	0
2814	14	0
2815	14	0
2816	14	0
2817	14	0
2818	14	0
2819	14	0
2820	14	0
2821	14	0
2822	14	0
2823	14	0
2824	14	0
2825	14	0
2826	14	0
2827	14	0
2828	14	0
2829	14	0
2830	14	0
2831	14	0
2832	14	0
2833	14	0
2834	14	0
2835	14	0
2836	14	0
2837	14	0
2838	14	0
2839	14	0
2840	14	0
2841	14	0
2842	14	0
2843	14	0
2844	14	0
2845	14	0
2846	14	0
2847	14	0
2848	14	0
2849	14	0
2850	14	0
2851	14	0
2852	14	0
2853	14	0
2854	14	0
2855	14	0
2856	14	0
2857	14	0
2858	14	0
2859	14	0
2860	14	0
2861	14	0
2862	14	0
2863	14	0
2864	14	0
2865	14	0
2866	14	0
2867	14	0
2868	14	0
2869	14	0
2870	14	0
2871	14	0
2872	14	0
2873	14	0
2874	14	0
2875	14	0
2876	14	0
2877	14	0
2878	14	0
2879	14	0
2880	14	0
2881	14	0
2882	14	0
2883	14	0
2884	14	0
2885	14	0
2886	14	0
2887	14	0
2888	14	0
2889	14	0
2890	14	0
2891	14	0
2892	14	0
2893	14	0
2894	14	0
2895	14	0
2896	14	0
2897	14	0
2898	14	0
2899	14	0
2900	14	0
2901	14	0
2902	14	0
2903	14	0
2904	14	0
2905	14	0
2906	14	0
2907	14	0
2908	14	0
2909	14	0
2910	14	0
2911	14	0
2912	14	0
2913	14	0
2914	14	0
2915	14	0
2916	14	0
2917	14	0
2918	14	0
2919	14	0
2920	14	0
2921	14	0
2922	14	0
2923	14	0
2924	14	0
2925	14	0
2926	14	0
2927	14	0
2928	14	0
2929	14	0
2930	14	0
2931	14	0
2932	14	0
2933	14	0
2934	14	0
2935	14	0
2936	14	0
2937	14	0
2938	14	0
2939	14	0
2940	14	0
2941	14	0
2942	14	0
2943	14	0
2944	14	0
2945	14	0
2946	14	0
2947	14	0
2948	14	0
2949	14	0
2950	14	0
2951	14	0
2952	14	0
2953	14	0
2954	14	0
2955	14	0
2956	14	0
2957	14	0
2958	14	0
2959	14	0
2960	14	0
2961	14	0
2962	14	0
2963	14	0
2964	14	0
2965	14	0
2966	15	0
2967	15	0
2968	15	0
2969	15	0
2970	15	0
2971	15	0
2972	15	0
2973	15	0
2974	16	0
2975	16	0
2976	16	0
2977	16	0
2978	16	0
2979	16	0
2980	16	0
2981	16	0
2982	16	0
2983	16	0
2984	16	0
2985	16	0
2986	16	0
2987	16	0
2988	16	0
2989	16	0
2990	16	0
2991	16	0
2992	16	0
2993	16	0
2994	16	0
2995	16	0
2996	16	0
2997	16	0
2998	16	0
2999	16	0
3000	16	0
3001	16	0
3002	16	0
3003	16	0
3004	16	0
3005	16	0
3006	16	0
3007	16	0
3008	16	0
3009	16	0
3010	16	0
3011	16	0
3012	16	0
3013	16	0
3014	16	0
3015	16	0
3016	16	0
3017	16	0
3018	16	0
3019	16	0
3020	16	0
3021	16	0
3022	16	0
3023	16	0
3024	16	0
3025	16	0
3026	16	0
3027	16	0
3028	16	0
3029	16	0
3030	16	0
3031	16	0
3032	16	0
3033	16	0
3034	16	0
3035	16	0
3036	16	0
3037	16	0
3038	16	0
3039	16	0
3040	16	0
3041	16	0
3042	16	0
3043	16	0
3044	16	0
3045	16	0
3046	16	0
3047	16	0
3048	16	0
3049	16	0
3050	16	0
3051	16	0
3052	16	0
3053	16	0
3054	16	0
3055	16	0
3056	16	0
3057	16	0
3058	16	0
3059	16	0
3060	16	0
3061	16	0
3062	16	0
3063	16	0
3064	16	0
3065	16	0
3066	16	0
3067	16	0
3068	16	0
3069	16	0
3070	16	0
3071	16	0
3072	16	0
3073	16	0
3074	16	0
3075	16	0
3076	16	0
3077	16	0
3078	16	0
3079	16	0
3080	16	0
3081	16	0
3082	16	0
3083	17	0
3084	17	0
3085	17	0
3086	17	0
3087	17	0
3088	17	0
3089	17	0
3090	17	0
3091	17	0
3092	17	0
3093	17	0
3094	17	0
3095	17	0
3096	17	0
3097	17	0
3098	17	0
3099	17	0
3100	17	0
3101	17	0
3102	17	0
3103	17	0
3104	17	0
3105	17	0
3106	17	0
3107	17	0
3108	17	0
3109	17	0
3110	17	0
3111	17	0
3112	17	0
3113	17	0
3114	17	0
3115	17	0
3116	17	0
3117	17	0
3118	17	0
3119	17	0
3120	17	0
3121	17	0
3122	17	0
3123	17	0
3124	17	0
3125	17	0
3126	17	0
3127	17	0
3128	17	0
3129	17	0
3130	17	0
3131	17	0
3132	17	0
3133	17	0
3134	17	0
3135	17	0
3136	17	0
3137	17	0
3138	17	0
3139	17	0
3140	17	0
3141	17	0
3142	17	0
3143	17	0
3144	17	0
3145	17	0
3146	17	0
3147	17	0
3148	17	0
3149	17	0
3150	17	0
3151	17	0
3152	17	0
3153	17	0
3154	17	0
3155	17	0
3156	17	0
3157	17	0
3158	17	0
3159	17	0
3160	17	0
3161	17	0
3162	17	0
3163	17	0
3164	17	0
3165	17	0
3166	17	0
3167	17	0
3168	17	0
3169	17	0
3170	17	0
3171	17	0
3172	17	0
3173	17	0
3174	17	0
3175	17	0
3176	17	0
3177	17	0
3178	17	0
3179	18	0
3180	18	0
3181	18	0
3182	18	0
3183	18	0
3184	18	0
3185	18	0
3186	18	0
3187	18	0
3188	18	0
3189	18	0
3190	18	0
3191	18	0
3192	18	0
3193	18	0
3194	18	0
3195	18	0
3196	18	0
3197	18	0
3198	18	0
3199	18	0
3200	18	0
3201	18	0
3202	18	0
3203	18	0
3204	18	0
3205	18	0
3206	18	0
3207	18	0
3208	18	0
3209	18	0
3210	18	0
3211	18	0
3212	18	0
3213	18	0
3214	18	0
3215	18	0
3216	18	0
3217	18	0
3218	18	0
3219	18	0
3220	18	0
3221	18	0
3222	18	0
3223	18	0
3224	18	0
3225	18	0
3226	18	0
3227	18	0
3228	18	0
3229	18	0
3230	18	0
3231	18	0
3232	18	0
3233	18	0
3234	18	0
3235	18	0
3236	18	0
3237	18	0
3238	18	0
3239	18	0
3240	18	0
3241	18	0
3242	18	0
3243	18	0
3244	18	0
3245	18	0
3246	18	0
3247	18	0
3248	18	0
3249	18	0
3250	18	0
3251	18	0
3252	18	0
3253	18	0
3254	18	0
3255	18	0
3256	18	0
3257	18	0
3258	18	0
3259	18	0
3260	18	0
3261	18	0
3262	18	0
3263	18	0
3264	18	0
3265	18	0
3266	18	0
3267	18	0
3268	18	0
3269	18	0
3270	18	0
3271	18	0
3272	18	0
3273	18	0
3274	18	0
3275	18	0
3276	18	0
3277	18	0
3278	18	0
3279	18	0
3280	18	0
3281	18	0
3282	18	0
3283	18	0
3284	18	0
3285	18	0
3286	18	0
3287	18	0
3288	18	0
3289	18	0
3290	18	0
3291	18	0
3292	18	0
3293	18	0
3294	18	0
3295	18	0
3296	18	0
3297	18	0
3298	18	0
3299	18	0
3300	18	0
3301	18	0
3302	18	0
3303	18	0
3304	18	0
3305	19	0
3306	19	0
3307	19	0
3308	19	0
3309	19	0
3310	19	0
3311	19	0
3312	19	0
3313	19	0
3314	19	0
3315	19	0
3316	19	0
3317	19	0
3318	19	0
3319	19	0
3320	19	0
3321	19	0
3322	19	0
3323	19	0
3324	19	0
3325	19	0
3326	19	0
3327	19	0
3328	19	0
3329	19	0
3330	19	0
3331	19	0
3332	19	0
3333	19	0
3334	19	0
3335	19	0
3336	19	0
3337	19	0
3338	19	0
3339	19	0
3340	19	0
3341	19	0
3342	19	0
3343	19	0
3344	19	0
3345	19	0
3346	19	0
3347	19	0
3348	19	0
3349	19	0
3350	19	0
3351	19	0
3352	19	0
3353	19	0
3354	19	0
3355	19	0
3356	19	0
3357	19	0
3358	19	0
3359	19	0
3360	19	0
3361	19	0
3362	19	0
3363	19	0
3364	19	0
3365	19	0
3366	19	0
3367	19	0
3368	19	0
3369	19	0
3370	19	0
3371	19	0
3372	19	0
3373	19	0
3374	19	0
3375	19	0
3376	19	0
3377	19	0
3378	19	0
3379	19	0
3380	19	0
3381	19	0
3382	19	0
3383	19	0
3384	19	0
3385	19	0
3386	19	0
3387	19	0
3388	19	0
3389	19	0
3390	19	0
3391	19	0
3392	19	0
3393	19	0
3394	19	0
3395	19	0
3396	19	0
3397	19	0
3398	19	0
3399	19	0
3400	19	0
3401	19	0
3402	19	0
3403	19	0
3404	19	0
3405	19	0
3406	19	0
3407	19	0
3408	19	0
3409	19	0
3410	19	0
3411	19	0
3412	19	0
3413	19	0
3414	19	0
3415	19	0
3416	19	0
3417	19	0
3418	19	0
3419	19	0
3420	19	0
3421	19	0
3422	19	0
3423	19	0
3424	19	0
3425	19	0
3426	19	0
3427	19	0
3428	19	0
3429	19	0
3430	19	0
3431	19	0
3432	19	0
3433	19	0
3434	19	0
3435	19	0
3436	19	0
3437	19	0
3438	19	0
3439	19	0
3440	19	0
3441	19	0
3442	19	0
3443	19	0
3444	19	0
3445	19	0
3446	19	0
3447	19	0
3448	19	0
3449	19	0
3450	19	0
3451	19	0
3452	19	0
3453	19	0
3454	19	0
3455	19	0
3456	19	0
3457	19	0
3458	19	0
3459	19	0
3460	19	0
3461	19	0
3462	19	0
3463	19	0
3464	19	0
3465	19	0
3466	19	0
3467	19	0
3468	19	0
3469	19	0
3470	20	0
3471	20	0
3472	20	0
3473	20	0
3474	20	0
3475	20	0
3476	20	0
3477	20	0
3478	20	0
3479	20	0
3480	20	0
3481	20	0
3482	20	0
3483	20	0
3484	20	0
3485	20	0
3486	20	0
3487	20	0
3488	20	0
3489	20	0
3490	20	0
3491	20	0
3492	20	0
3493	20	0
3494	20	0
3495	20	0
3496	20	0
3497	20	0
3498	20	0
3499	20	0
3500	20	0
3501	20	0
3502	20	0
3503	20	0
3504	20	0
3505	20	0
3506	20	0
3507	20	0
3508	20	0
3509	20	0
3510	20	0
3511	20	0
3512	20	0
3513	20	0
3514	20	0
3515	20	0
3516	20	0
3517	20	0
3518	20	0
3519	20	0
3520	20	0
3521	20	0
3522	20	0
3523	20	0
3524	20	0
3525	20	0
3526	20	0
3527	20	0
3528	20	0
3529	20	0
3530	20	0
3531	21	0
3532	21	0
3533	21	0
3534	21	0
3535	21	0
3536	21	0
3537	21	0
3538	21	0
3539	21	0
3540	21	0
3541	21	0
3542	21	0
3543	21	0
3544	21	0
3545	21	0
3546	21	0
3547	21	0
3548	21	0
3549	21	0
3550	21	0
3551	22	0
3552	22	0
3553	22	0
3554	22	0
3555	22	0
3556	22	0
3557	22	0
3558	22	0
3559	22	0
3560	22	0
3561	22	0
3562	22	0
3563	22	0
3564	22	0
3565	22	0
3566	22	0
3567	22	0
3568	22	0
3569	22	0
3570	22	0
3571	22	0
3572	22	0
3573	22	0
3574	22	0
3575	22	0
3576	22	0
3577	22	0
3578	22	0
3579	22	0
3580	22	0
3581	22	0
3582	22	0
3583	22	0
3584	22	0
3585	22	0
3586	22	0
3587	22	0
3588	22	0
3589	22	0
3590	22	0
3591	22	0
3592	22	0
3593	22	0
3594	22	0
3595	22	0
3596	22	0
3597	22	0
3598	22	0
3599	22	0
3600	22	0
3601	22	0
3602	22	0
3603	22	0
3604	22	0
3605	22	0
3606	22	0
3607	22	0
3608	22	0
3609	22	0
3610	22	0
3611	22	0
3612	22	0
3613	22	0
3614	22	0
3615	22	0
3616	22	0
3617	22	0
3618	22	0
3619	22	0
3620	22	0
3621	22	0
3622	22	0
3623	22	0
3624	22	0
3625	22	0
3626	23	0
3627	23	0
3628	23	0
3629	23	0
3630	23	0
3631	23	0
3632	23	0
3633	23	0
3634	23	0
3635	23	0
3636	23	0
3637	23	0
3638	23	0
3639	23	0
3640	23	0
3641	23	0
3642	23	0
3643	23	0
3644	23	0
3645	23	0
3646	23	0
3647	23	0
3648	23	0
3649	23	0
3650	23	0
3651	23	0
3652	23	0
3653	23	0
3654	23	0
3655	23	0
3656	23	0
3657	23	0
3658	23	0
3659	23	0
3660	23	0
3661	23	0
3662	23	0
3663	23	0
3664	23	0
3665	23	0
3666	23	0
3667	23	0
3668	23	0
3669	23	0
3670	23	0
3671	23	0
3672	23	0
3673	23	0
3674	23	0
3675	23	0
3676	23	0
3677	23	0
3678	23	0
3679	23	0
3680	23	0
3681	23	0
3682	23	0
3683	23	0
3684	23	0
3685	23	0
3686	23	0
3687	23	0
3688	23	0
3689	23	0
3690	23	0
3691	23	0
3692	23	0
3693	23	0
3694	23	0
3695	23	0
3696	23	0
3697	23	0
3698	23	0
3699	23	0
3700	23	0
3701	23	0
3702	23	0
3703	23	0
3704	23	0
3705	23	0
3706	23	0
3707	23	0
3708	23	0
3709	23	0
3710	23	0
3711	23	0
3712	23	0
3713	23	0
3714	23	0
3715	23	0
3716	23	0
3717	23	0
3718	23	0
3719	23	0
3720	23	0
3721	23	0
3722	23	0
3723	23	0
3724	23	0
3725	23	0
3726	23	0
3727	23	0
3728	23	0
3729	23	0
3730	23	0
3731	23	0
3732	23	0
3733	23	0
3734	23	0
3735	23	0
3736	23	0
3737	23	0
3738	23	0
3739	23	0
3740	23	0
3741	23	0
3742	23	0
3743	23	0
3744	23	0
3745	23	0
3746	23	0
3747	23	0
3748	23	0
3749	23	0
3750	23	0
3751	23	0
3752	23	0
3753	23	0
3754	23	0
3755	23	0
3756	23	0
3757	23	0
3758	23	0
3759	23	0
3760	23	0
3761	23	0
3762	23	0
3763	23	0
3764	23	0
3765	23	0
3766	23	0
3767	23	0
3768	23	0
3769	23	0
3770	23	0
3771	23	0
3772	23	0
3773	23	0
3774	23	0
3775	23	0
3776	23	0
3777	23	0
3778	23	0
3779	23	0
3780	23	0
3781	23	0
3782	23	0
3783	23	0
3784	23	0
3785	23	0
3786	23	0
3787	23	0
3788	23	0
3789	23	0
3790	23	0
3791	23	0
3792	23	0
3793	23	0
3794	23	0
3795	23	0
3796	23	0
3797	23	0
3798	23	0
3799	23	0
3800	23	0
3801	23	0
3802	23	0
3803	23	0
3804	23	0
3805	23	0
3806	23	0
3807	23	0
3808	23	0
3809	23	0
3810	23	0
3811	23	0
3812	23	0
3813	23	0
3814	23	0
3815	23	0
3816	23	0
3817	23	0
3818	23	0
3819	23	0
3820	23	0
3821	23	0
3822	23	0
3823	23	0
3824	23	0
3825	23	0
3826	23	0
3827	23	0
3828	23	0
3829	23	0
3830	23	0
3831	23	0
3832	23	0
3833	23	0
3834	23	0
3835	23	0
3836	23	0
3837	23	0
3838	23	0
3839	23	0
3840	23	0
3841	23	0
3842	23	0
3843	23	0
3844	23	0
3845	23	0
3846	23	0
3847	23	0
3848	23	0
3849	23	0
3850	23	0
3851	23	0
3852	23	0
3853	23	0
3854	23	0
3855	23	0
3856	23	0
3857	23	0
3858	23	0
3859	23	0
3860	23	0
3861	24	0
3862	24	0
3863	24	0
3864	24	0
3865	24	0
3866	24	0
3867	24	0
3868	24	0
3869	24	0
3870	24	0
3871	24	0
3872	24	0
3873	24	0
3874	24	0
3875	24	0
3876	24	0
3877	24	0
3878	24	0
3879	24	0
3880	24	0
3881	24	0
3882	24	0
3883	24	0
3884	24	0
3885	24	0
3886	24	0
3887	24	0
3888	24	0
3889	24	0
3890	24	0
3891	24	0
3892	24	0
3893	24	0
3894	24	0
3895	24	0
3896	24	0
3897	24	0
3898	24	0
3899	24	0
3900	24	0
3901	24	0
3902	24	0
3903	24	0
3904	24	0
3905	24	0
3906	24	0
3907	24	0
3908	24	0
3909	24	0
3910	24	0
3911	24	0
3912	24	0
3913	24	0
3914	24	0
3915	24	0
3916	24	0
3917	24	0
3918	24	0
3919	24	0
3920	24	0
3921	24	0
3922	24	0
3923	24	0
3924	24	0
3925	24	0
3926	24	0
3927	24	0
3928	24	0
3929	24	0
3930	24	0
3931	24	0
3932	24	0
3933	25	0
3934	25	0
3935	25	0
3936	25	0
3937	25	0
3938	25	0
3939	25	0
3940	25	0
3941	25	0
3942	25	0
3943	25	0
3944	25	0
3945	25	0
3946	25	0
3947	25	0
3948	25	0
3949	25	0
3950	25	0
3951	25	0
3952	25	0
3953	25	0
3954	25	0
3955	25	0
3956	25	0
3957	25	0
3958	25	0
3959	25	0
3960	25	0
3961	25	0
3962	25	0
3963	25	0
3964	25	0
3965	25	0
3966	25	0
3967	25	0
3968	25	0
3969	25	0
3970	25	0
3971	25	0
3972	25	0
3973	25	0
3974	25	0
3975	25	0
3976	25	0
3977	25	0
3978	25	0
3979	25	0
3980	25	0
3981	25	0
3982	25	0
3983	25	0
3984	25	0
3985	25	0
3986	25	0
3987	25	0
3988	25	0
3989	25	0
3990	25	0
3991	25	0
3992	25	0
3993	25	0
3994	25	0
3995	25	0
3996	25	0
3997	25	0
3998	25	0
3999	25	0
4000	25	0
4001	25	0
4002	25	0
4003	25	0
4004	25	0
4005	25	0
4006	25	0
4007	25	0
4008	25	0
4009	25	0
4010	25	0
4011	25	0
4012	25	0
4013	25	0
4014	25	0
4015	25	0
4016	25	0
4017	25	0
4018	25	0
4019	25	0
4020	25	0
4021	25	0
4022	25	0
4023	25	0
4024	25	0
4025	25	0
4026	25	0
4027	25	0
4028	25	0
4029	25	0
4030	25	0
4031	25	0
4032	25	0
4033	25	0
4034	25	0
4035	25	0
4036	25	0
4037	25	0
4038	25	0
4039	25	0
4040	25	0
4041	25	0
4042	25	0
4043	25	0
4044	25	0
4045	25	0
4046	25	0
4047	25	0
4048	25	0
4049	25	0
4050	25	0
4051	25	0
4052	25	0
4053	25	0
4054	25	0
4055	25	0
4056	25	0
4057	25	0
4058	25	0
4059	25	0
4060	25	0
4061	25	0
4062	25	0
4063	25	0
4064	25	0
4065	25	0
4066	25	0
4067	25	0
4068	25	0
4069	25	0
4070	25	0
4071	25	0
4072	25	0
4073	25	0
4074	25	0
4075	25	0
4076	25	0
4077	25	0
4078	25	0
4079	25	0
4080	25	0
4081	25	0
4082	25	0
4083	25	0
4084	25	0
4085	25	0
4086	25	0
4087	25	0
4088	25	0
4089	25	0
4090	25	0
4091	25	0
4092	25	0
4093	25	0
4094	25	0
4095	25	0
4096	25	0
4097	25	0
4098	25	0
4099	25	0
4100	25	0
4101	25	0
4102	25	0
4103	25	0
4104	25	0
4105	25	0
4106	25	0
4107	25	0
4108	25	0
4109	25	0
4110	25	0
4111	25	0
4112	25	0
4113	25	0
4114	25	0
4115	25	0
4116	25	0
4117	25	0
4118	25	0
4119	25	0
4120	25	0
4121	25	0
4122	25	0
4123	25	0
4124	25	0
4125	25	0
4126	25	0
4127	25	0
4128	25	0
4129	25	0
4130	25	0
4131	25	0
4132	25	0
4133	25	0
4134	25	0
4135	25	0
4136	25	0
4137	25	0
4138	25	0
4139	25	0
4140	25	0
4141	25	0
4142	25	0
4143	25	0
4144	25	0
4145	25	0
4146	25	0
4147	25	0
4148	25	0
4149	25	0
4150	25	0
4151	25	0
4152	25	0
4153	25	0
4154	25	0
4155	25	0
4156	25	0
4157	25	0
4158	25	0
4159	25	0
4160	25	0
4161	25	0
4162	25	0
4163	25	0
4164	25	0
4165	25	0
4166	25	0
4167	25	0
4168	25	0
4169	25	0
4170	25	0
4171	25	0
4172	25	0
4173	25	0
4174	25	0
4175	25	0
4176	25	0
4177	25	0
4178	25	0
4179	25	0
4180	25	0
4181	25	0
4182	25	0
4183	25	0
4184	25	0
4185	25	0
4186	25	0
4187	25	0
4188	25	0
4189	25	0
4190	25	0
4191	25	0
4192	25	0
4193	25	0
4194	25	0
4195	25	0
4196	25	0
4197	25	0
4198	25	0
4199	25	0
4200	25	0
4201	25	0
4202	25	0
4203	25	0
4204	25	0
4205	25	0
4206	25	0
4207	25	0
4208	25	0
4209	25	0
4210	25	0
4211	25	0
4212	25	0
4213	25	0
4214	25	0
4215	25	0
4216	25	0
4217	25	0
4218	25	0
4219	25	0
4220	25	0
4221	25	0
4222	25	0
4223	25	0
4224	25	0
4225	25	0
4226	25	0
4227	25	0
4228	25	0
4229	25	0
4230	25	0
4231	25	0
4232	25	0
4233	25	0
4234	25	0
4235	25	0
4236	25	0
4237	25	0
4238	25	0
4239	25	0
4240	25	0
4241	25	0
4242	25	0
4243	25	0
4244	25	0
4245	25	0
4246	25	0
4247	25	0
4248	25	0
4249	25	0
4250	25	0
4251	25	0
4252	25	0
4253	25	0
4254	25	0
4255	25	0
4256	25	0
4257	25	0
4258	25	0
4259	25	0
4260	25	0
4261	25	0
4262	25	0
4263	25	0
4264	25	0
4265	25	0
4266	25	0
4267	25	0
4268	25	0
4269	25	0
4270	25	0
4271	25	0
4272	25	0
4273	25	0
4274	25	0
4275	25	0
4276	25	0
4277	25	0
4278	25	0
4279	25	0
4280	25	0
4281	25	0
4282	25	0
4283	25	0
4284	25	0
4285	25	0
4286	25	0
4287	25	0
4288	25	0
4289	25	0
4290	25	0
4291	25	0
4292	25	0
4293	25	0
4294	25	0
4295	25	0
4296	25	0
4297	25	0
4298	25	0
4299	25	0
4300	25	0
4301	25	0
4302	25	0
4303	25	0
4304	25	0
4305	25	0
4306	25	0
4307	25	0
4308	25	0
4309	25	0
4310	25	0
4311	25	0
4312	26	0
4313	26	0
4314	26	0
4315	26	0
4316	26	0
4317	26	0
4318	26	0
4319	26	0
4320	26	0
4321	26	0
4322	26	0
4323	26	0
4324	26	0
4325	26	0
4326	26	0
4327	26	0
4328	26	0
4329	26	0
4330	26	0
4331	26	0
4332	26	0
4333	26	0
4334	26	0
4335	26	0
4336	26	0
4337	26	0
4338	26	0
4339	26	0
4340	26	0
4341	26	0
4342	26	0
4343	26	0
4344	26	0
4345	26	0
4346	26	0
4347	26	0
4348	26	0
4349	26	0
4350	26	0
4351	26	0
4352	26	0
4353	26	0
4354	26	0
4355	26	0
4356	26	0
4357	26	0
4358	26	0
4359	26	0
4360	26	0
4361	26	0
4362	26	0
4363	26	0
4364	26	0
4365	26	0
4366	26	0
4367	26	0
4368	26	0
4369	26	0
4370	26	0
4371	26	0
4372	26	0
4373	26	0
4374	26	0
4375	26	0
4376	26	0
4377	26	0
4378	26	0
4379	26	0
4380	26	0
4381	26	0
4382	26	0
4383	26	0
4384	26	0
4385	26	0
4386	26	0
4387	26	0
4388	26	0
4389	26	0
4390	26	0
4391	26	0
4392	26	0
4393	26	0
4394	26	0
4395	26	0
4396	26	0
4397	26	0
4398	26	0
4399	26	0
4400	26	0
4401	26	0
4402	26	0
4403	26	0
4404	26	0
4405	26	0
4406	26	0
4407	26	0
4408	26	0
4409	26	0
4410	26	0
4411	26	0
4412	26	0
4413	26	0
4414	26	0
4415	26	0
4416	26	0
4417	26	0
4418	26	0
4419	26	0
4420	26	0
4421	26	0
4422	26	0
4423	26	0
4424	26	0
4425	26	0
4426	26	0
4427	26	0
4428	26	0
4429	26	0
4430	26	0
4431	26	0
4432	26	0
4433	26	0
4434	26	0
4435	26	0
4436	26	0
4437	26	0
4438	26	0
4439	26	0
4440	26	0
4441	26	0
4442	26	0
4443	26	0
4444	26	0
4445	26	0
4446	26	0
4447	26	0
4448	26	0
4449	26	0
4450	26	0
4451	26	0
4452	26	0
4453	26	0
4454	26	0
4455	26	0
4456	26	0
4457	26	0
4458	26	0
4459	26	0
4460	26	0
4461	26	0
4462	26	0
4463	26	0
4464	26	0
4465	26	0
4466	26	0
4467	26	0
4468	26	0
4469	26	0
4470	26	0
4471	26	0
4472	26	0
4473	26	0
4474	26	0
4475	26	0
4476	26	0
4477	26	0
4478	26	0
4479	26	0
4480	26	0
4481	26	0
4482	26	0
4483	26	0
4484	26	0
4485	26	0
4486	26	0
4487	26	0
4488	26	0
4489	26	0
4490	26	0
4491	26	0
4492	26	0
4493	26	0
4494	26	0
4495	26	0
4496	26	0
4497	26	0
4498	26	0
4499	26	0
4500	26	0
4501	26	0
4502	26	0
4503	26	0
4504	26	0
4505	26	0
4506	26	0
4507	26	0
4508	26	0
4509	26	0
4510	26	0
4511	26	0
4512	26	0
4513	26	0
4514	26	0
4515	26	0
4516	26	0
4517	26	0
4518	26	0
4519	26	0
4520	26	0
4521	26	0
4522	26	0
4523	26	0
4524	26	0
4525	26	0
4526	26	0
4527	26	0
4528	26	0
4529	26	0
4530	26	0
4531	26	0
4532	26	0
4533	26	0
4534	26	0
4535	26	0
4536	26	0
4537	26	0
4538	26	0
4539	26	0
4540	26	0
4541	26	0
4542	26	0
4543	26	0
4544	26	0
4545	26	0
4546	26	0
4547	26	0
4548	26	0
4549	26	0
4550	26	0
4551	26	0
4552	26	0
4553	26	0
4554	26	0
4555	26	0
4556	26	0
4557	26	0
4558	26	0
4559	26	0
4560	26	0
4561	26	0
4562	26	0
4563	26	0
4564	26	0
4565	26	0
4566	26	0
4567	26	0
4568	26	0
4569	26	0
4570	26	0
4571	26	0
4572	26	0
4573	26	0
4574	26	0
4575	26	0
4576	26	0
4577	26	0
4578	26	0
4579	26	0
4580	26	0
4581	26	0
4582	26	0
4583	26	0
4584	26	0
4585	26	0
4586	26	0
4587	26	0
4588	26	0
4589	26	0
4590	26	0
4591	26	0
4592	26	0
4593	26	0
4594	26	0
4595	26	0
4596	26	0
4597	26	0
4598	26	0
4599	26	0
4600	26	0
4601	26	0
4602	26	0
4603	26	0
4604	26	0
4605	26	0
4606	26	0
4607	26	0
4608	26	0
4609	26	0
4610	26	0
4611	27	0
4612	27	0
4613	27	0
4614	27	0
4615	27	0
4616	27	0
4617	27	0
4618	27	0
4619	27	0
4620	27	0
4621	27	0
4622	27	0
4623	27	0
4624	27	0
4625	27	0
4626	27	0
4627	27	0
4628	27	0
4629	27	0
4630	27	0
4631	27	0
4632	27	0
4633	27	0
4634	27	0
4635	27	0
4636	27	0
4637	27	0
4638	27	0
4639	27	0
4640	27	0
4641	27	0
4642	27	0
4643	27	0
4644	27	0
4645	27	0
4646	27	0
4647	27	0
4648	27	0
4649	27	0
4650	27	0
4651	27	0
4652	27	0
4653	27	0
4654	27	0
4655	27	0
4656	27	0
4657	27	0
4658	27	0
4659	27	0
4660	27	0
4661	27	0
4662	27	0
4663	27	0
4664	27	0
4665	27	0
4666	27	0
4667	27	0
4668	27	0
4669	27	0
4670	27	0
4671	27	0
4672	27	0
4673	27	0
4674	27	0
4675	27	0
4676	27	0
4677	27	0
4678	27	0
4679	27	0
4680	27	0
4681	27	0
4682	27	0
4683	27	0
4684	27	0
4685	27	0
4686	27	0
4687	27	0
4688	27	0
4689	27	0
4690	27	0
4691	27	0
4692	27	0
4693	27	0
4694	27	0
4695	27	0
4696	27	0
4697	27	0
4698	27	0
4699	27	0
4700	27	0
4701	27	0
4702	27	0
4703	27	0
4704	27	0
4705	27	0
4706	27	0
4707	27	0
4708	27	0
4709	27	0
4710	27	0
4711	27	0
4712	27	0
4713	27	0
4714	27	0
4715	27	0
4716	27	0
4717	27	0
4718	27	0
4719	27	0
4720	27	0
4721	27	0
4722	27	0
4723	27	0
4724	27	0
4725	27	0
4726	27	0
4727	27	0
4728	27	0
4729	27	0
4730	27	0
4731	27	0
4732	27	0
4733	27	0
4734	27	0
4735	27	0
4736	27	0
4737	27	0
4738	27	0
4739	27	0
4740	27	0
4741	27	0
4742	27	0
4743	27	0
4744	27	0
4745	27	0
4746	27	0
4747	27	0
4748	27	0
4749	27	0
4750	27	0
4751	27	0
4752	27	0
4753	27	0
4754	27	0
4755	27	0
4756	27	0
4757	27	0
4758	27	0
4759	27	0
4760	27	0
4761	27	0
4762	27	0
4763	27	0
4764	27	0
4765	27	0
4766	27	0
4767	27	0
4768	27	0
4769	27	0
4770	27	0
4771	27	0
4772	27	0
4773	27	0
4774	27	0
4775	27	0
4776	27	0
4777	27	0
4778	27	0
4779	27	0
4780	27	0
4781	27	0
4782	27	0
4783	27	0
4784	27	0
4785	27	0
4786	27	0
4787	27	0
4788	27	0
4789	27	0
4790	27	0
4791	27	0
4792	27	0
4793	27	0
4794	27	0
4795	27	0
4796	27	0
4797	27	0
4798	27	0
4799	28	0
4800	28	0
4801	28	0
4802	28	0
4803	28	0
4804	28	0
4805	28	0
4806	28	0
4807	28	0
4808	28	0
4809	28	0
4810	28	0
4811	28	0
4812	28	0
4813	28	0
4814	28	0
4815	28	0
4816	28	0
4817	28	0
4818	28	0
4819	28	0
4820	28	0
4821	28	0
4822	28	0
4823	28	0
4824	28	0
4825	28	0
4826	28	0
4827	28	0
4828	28	0
4829	28	0
4830	28	0
4831	28	0
4832	28	0
4833	28	0
4834	28	0
4835	28	0
4836	28	0
4837	28	0
4838	28	0
4839	28	0
4840	28	0
4841	28	0
4842	28	0
4843	28	0
4844	28	0
4845	28	0
4846	28	0
4847	28	0
4848	28	0
4849	28	0
4850	28	0
4851	28	0
4852	28	0
4853	28	0
4854	28	0
4855	28	0
4856	28	0
4857	28	0
4858	28	0
4859	28	0
4860	28	0
4861	28	0
4862	28	0
4863	28	0
4864	28	0
4865	28	0
4866	28	0
4867	28	0
4868	28	0
4869	28	0
4870	28	0
4871	28	0
4872	28	0
4873	28	0
4874	28	0
4875	28	0
4876	28	0
4877	28	0
4878	28	0
4879	28	0
4880	28	0
4881	28	0
4882	28	0
4883	28	0
4884	28	0
4885	28	0
4886	28	0
4887	28	0
4888	28	0
4889	28	0
4890	28	0
4891	28	0
4892	28	0
4893	28	0
4894	28	0
4895	28	0
4896	28	0
4897	28	0
4898	28	0
4899	28	0
4900	28	0
4901	28	0
4902	28	0
4903	28	0
4904	28	0
4905	28	0
4906	28	0
4907	28	0
4908	28	0
4909	28	0
4910	28	0
4911	28	0
4912	28	0
4913	28	0
4914	28	0
4915	28	0
4916	28	0
4917	28	0
4918	28	0
4919	28	0
4920	28	0
4921	28	0
4922	28	0
4923	28	0
4924	28	0
4925	28	0
4926	28	0
4927	28	0
4928	28	0
4929	28	0
4930	28	0
4931	28	0
4932	28	0
4933	28	0
4934	28	0
4935	28	0
4936	28	0
4937	28	0
4938	28	0
4939	28	0
4940	28	0
4941	28	0
4942	28	0
4943	28	0
4944	28	0
4945	28	0
4946	28	0
4947	28	0
4948	28	0
4949	28	0
4950	28	0
4951	28	0
4952	28	0
4953	28	0
4954	28	0
4955	28	0
4956	28	0
4957	28	0
4958	29	0
4959	29	0
4960	29	0
4961	29	0
4962	29	0
4963	29	0
4964	29	0
4965	29	0
4966	29	0
4967	29	0
4968	29	0
4969	29	0
4970	29	0
4971	29	0
4972	29	0
4973	29	0
4974	29	0
4975	29	0
4976	29	0
4977	29	0
4978	29	0
4979	29	0
4980	29	0
4981	29	0
4982	29	0
4983	29	0
4984	29	0
4985	29	0
4986	29	0
4987	29	0
4988	29	0
4989	29	0
4990	29	0
4991	29	0
4992	29	0
4993	29	0
4994	29	0
4995	29	0
4996	29	0
4997	29	0
4998	29	0
4999	29	0
5000	29	0
5001	29	0
5002	29	0
5003	29	0
5004	29	0
5005	29	0
5006	29	0
5007	29	0
5008	29	0
5009	29	0
5010	29	0
5011	29	0
5012	29	0
5013	29	0
5014	29	0
5015	29	0
5016	29	0
5017	29	0
5018	29	0
5019	29	0
5020	29	0
5021	29	0
5022	29	0
5023	29	0
5024	29	0
5025	29	0
5026	29	0
5027	29	0
5028	29	0
5029	29	0
5030	29	0
5031	29	0
5032	29	0
5033	29	0
5034	29	0
5035	29	0
5036	29	0
5037	29	0
5038	29	0
5039	29	0
5040	29	0
5041	29	0
5042	29	0
5043	29	0
5044	29	0
5045	29	0
5046	29	0
5047	29	0
5048	29	0
5049	29	0
5050	29	0
5051	29	0
5052	29	0
5053	29	0
5054	29	0
5055	29	0
5056	29	0
5057	29	0
5058	29	0
5059	29	0
5060	29	0
5061	29	0
5062	29	0
5063	29	0
5064	29	0
5065	29	0
5066	29	0
5067	29	0
5068	29	0
5069	29	0
5070	29	0
5071	29	0
5072	29	0
5073	29	0
5074	29	0
5075	29	0
5076	29	0
5077	29	0
5078	29	0
5079	29	0
5080	29	0
5081	29	0
5082	29	0
5083	29	0
5084	29	0
5085	29	0
5086	29	0
5087	29	0
5088	29	0
5089	29	0
5090	29	0
5091	29	0
5092	29	0
5093	29	0
5094	29	0
5095	29	0
5096	29	0
5097	29	0
5098	29	0
5099	29	0
5100	29	0
5101	29	0
5102	29	0
5103	29	0
5104	29	0
5105	29	0
5106	29	0
5107	29	0
5108	29	0
5109	29	0
5110	29	0
5111	29	0
5112	29	0
5113	29	0
5114	29	0
5115	29	0
5116	29	0
5117	29	0
5118	29	0
5119	29	0
5120	29	0
5121	29	0
5122	29	0
5123	29	0
5124	29	0
5125	29	0
5126	29	0
5127	29	0
5128	29	0
5129	29	0
5130	29	0
5131	29	0
5132	29	0
5133	29	0
5134	29	0
5135	29	0
5136	29	0
5137	29	0
5138	29	0
5139	29	0
5140	29	0
5141	29	0
5142	29	0
5143	29	0
5144	29	0
5145	29	0
5146	29	0
5147	29	0
5148	29	0
5149	29	0
5150	29	0
5151	29	0
5152	29	0
5153	29	0
5154	29	0
5155	29	0
5156	29	0
5157	29	0
5158	29	0
5159	29	0
5160	29	0
5161	29	0
5162	29	0
5163	29	0
5164	29	0
5165	29	0
5166	29	0
5167	29	0
5168	29	0
5169	29	0
5170	29	0
5171	29	0
5172	29	0
5173	29	0
5174	29	0
5175	29	0
5176	29	0
5177	29	0
5178	29	0
5179	29	0
5180	29	0
5181	29	0
5182	29	0
5183	29	0
5184	29	0
5185	29	0
5186	29	0
5187	29	0
5188	29	0
5189	29	0
5190	29	0
5191	29	0
5192	29	0
5193	29	0
5194	29	0
5195	29	0
5196	29	0
5197	29	0
5198	29	0
5199	29	0
5200	29	0
5201	29	0
5202	29	0
5203	29	0
5204	29	0
5205	29	0
5206	29	0
5207	29	0
5208	29	0
5209	29	0
5210	29	0
5211	29	0
5212	29	0
5213	29	0
5214	29	0
5215	29	0
5216	29	0
5217	29	0
5218	29	0
5219	29	0
5220	29	0
5221	29	0
5222	29	0
5223	29	0
5224	29	0
5225	29	0
5226	29	0
5227	29	0
5228	29	0
5229	29	0
5230	29	0
5231	29	0
5232	29	0
5233	29	0
5234	29	0
5235	29	0
5236	29	0
5237	29	0
5238	29	0
5239	29	0
5240	29	0
5241	29	0
5242	29	0
5243	29	0
5244	29	0
5245	29	0
5246	29	0
5247	29	0
5248	29	0
5249	29	0
5250	29	0
5251	29	0
5252	29	0
5253	29	0
5254	29	0
5255	29	0
5256	29	0
5257	29	0
5258	29	0
5259	29	0
5260	29	0
5261	29	0
5262	29	0
5263	29	0
5264	29	0
5265	29	0
5266	29	0
5267	29	0
5268	29	0
5269	29	0
5270	29	0
5271	29	0
5272	29	0
5273	29	0
5274	29	0
5275	29	0
5276	29	0
5277	29	0
5278	29	0
5279	29	0
5280	29	0
5281	29	0
5282	29	0
5283	29	0
5284	29	0
5285	29	0
5286	29	0
5287	29	0
5288	29	0
5289	29	0
5290	29	0
5291	29	0
5292	29	0
5293	29	0
5294	29	0
5295	29	0
5296	29	0
5297	29	0
5298	29	0
5299	29	0
5300	29	0
5301	29	0
5302	29	0
5303	29	0
5304	29	0
5305	29	0
5306	29	0
5307	29	0
5308	29	0
5309	29	0
5310	29	0
5311	29	0
5312	30	0
5313	30	0
5314	30	0
5315	30	0
5316	30	0
5317	30	0
5318	30	0
5319	30	0
5320	30	0
5321	30	0
5322	30	0
5323	30	0
5324	30	0
5325	30	0
5326	30	0
5327	30	0
5328	30	0
5329	30	0
5330	30	0
5331	30	0
5332	30	0
5333	30	0
5334	30	0
5335	30	0
5336	30	0
5337	30	0
5338	30	0
5339	30	0
5340	31	0
5341	31	0
5342	31	0
5343	31	0
5344	31	0
5345	31	0
5346	31	0
5347	31	0
5348	31	0
5349	31	0
5350	31	0
5351	31	0
5352	31	0
5353	31	0
5354	31	0
5355	31	0
5356	31	0
5357	31	0
5358	31	0
5359	31	0
5360	31	0
5361	31	0
5362	31	0
5363	31	0
5364	31	0
5365	31	0
5366	31	0
5367	31	0
5368	31	0
5369	31	0
5370	31	0
5371	31	0
5372	31	0
5373	31	0
5374	31	0
5375	31	0
5376	31	0
5377	31	0
5378	31	0
5379	31	0
5380	31	0
5381	31	0
5382	31	0
5383	31	0
5384	31	0
5385	31	0
5386	31	0
5387	31	0
5388	31	0
5389	31	0
5390	31	0
5391	31	0
5392	31	0
5393	31	0
5394	31	0
5395	31	0
5396	31	0
5397	31	0
5398	31	0
5399	31	0
5400	31	0
5401	31	0
5402	31	0
5403	31	0
5404	31	0
5405	31	0
5406	31	0
5407	31	0
5408	31	0
5409	31	0
5410	31	0
5411	31	0
5412	31	0
5413	31	0
5414	31	0
5415	31	0
5416	31	0
5417	31	0
5418	31	0
5419	31	0
5420	31	0
5421	31	0
5422	31	0
5423	31	0
5424	31	0
5425	31	0
5426	31	0
5427	31	0
5428	31	0
5429	31	0
5430	31	0
5431	31	0
5432	31	0
5433	31	0
5434	31	0
5435	31	0
5436	31	0
5437	31	0
5438	31	0
5439	31	0
5440	31	0
5441	31	0
5442	31	0
5443	31	0
5444	31	0
5445	31	0
5446	31	0
5447	31	0
5448	31	0
5449	31	0
5450	31	0
5451	31	0
5452	31	0
5453	31	0
5454	31	0
5455	31	0
5456	31	0
5457	31	0
5458	31	0
5459	31	0
5460	31	0
5461	31	0
5462	31	0
5463	31	0
5464	31	0
5465	31	0
5466	31	0
5467	31	0
5468	31	0
5469	31	0
5470	31	0
5471	31	0
5472	31	0
5473	31	0
5474	31	0
5475	31	0
5476	31	0
5477	31	0
5478	31	0
5479	31	0
5480	31	0
5481	31	0
5482	31	0
5483	31	0
5484	31	0
5485	31	0
5486	31	0
5487	31	0
5488	31	0
5489	31	0
5490	31	0
5491	31	0
5492	31	0
5493	31	0
5494	31	0
5495	31	0
5496	31	0
5497	31	0
5498	31	0
5499	31	0
5500	31	0
5501	31	0
5502	31	0
5503	31	0
5504	31	0
5505	31	0
5506	31	0
5507	31	0
5508	31	0
5509	31	0
5510	31	0
5511	31	0
5512	31	0
5513	31	0
5514	31	0
5515	31	0
5516	31	0
5517	31	0
5518	31	0
5519	31	0
5520	31	0
5521	31	0
5522	31	0
5523	31	0
5524	31	0
5525	31	0
5526	31	0
5527	31	0
5528	31	0
5529	31	0
5530	31	0
5531	31	0
5532	31	0
5533	31	0
5534	31	0
5535	31	0
5536	31	0
5537	31	0
5538	31	0
5539	31	0
5540	31	0
5541	31	0
5542	31	0
5543	31	0
5544	31	0
5545	31	0
5546	31	0
5547	31	0
5548	31	0
5549	31	0
5550	31	0
5551	31	0
5552	31	0
5553	31	0
5554	31	0
5555	31	0
5556	31	0
5557	31	0
5558	31	0
5559	31	0
5560	31	0
5561	31	0
5562	31	0
5563	31	0
5564	31	0
5565	31	0
5566	31	0
5567	31	0
5568	31	0
5569	31	0
5570	31	0
5571	31	0
5572	31	0
5573	31	0
5574	31	0
5575	31	0
5576	31	0
5577	31	0
5578	31	0
5579	31	0
5580	31	0
5581	31	0
5582	31	0
5583	31	0
5584	31	0
5585	31	0
5586	31	0
5587	31	0
5588	31	0
5589	31	0
5590	31	0
5591	31	0
5592	31	0
5593	31	0
5594	31	0
5595	31	0
5596	31	0
5597	31	0
5598	31	0
5599	31	0
5600	31	0
5601	31	0
5602	31	0
5603	31	0
5604	31	0
5605	31	0
5606	31	0
5607	31	0
5608	31	0
5609	31	0
5610	31	0
5611	31	0
5612	31	0
5613	31	0
5614	31	0
5615	31	0
5616	31	0
5617	31	0
5618	31	0
5619	31	0
5620	31	0
5621	31	0
5622	31	0
5623	31	0
5624	31	0
5625	31	0
5626	31	0
5627	31	0
5628	31	0
5629	31	0
5630	31	0
5631	31	0
5632	31	0
5633	31	0
5634	31	0
5635	31	0
5636	31	0
5637	31	0
5638	31	0
5639	31	0
5640	31	0
5641	31	0
5642	31	0
5643	31	0
5644	31	0
5645	31	0
5646	31	0
5647	31	0
5648	31	0
5649	31	0
5650	31	0
5651	31	0
5652	31	0
5653	31	0
5654	31	0
5655	31	0
5656	31	0
5657	31	0
5658	32	0
5659	32	0
5660	32	0
5661	32	0
5662	32	0
5663	32	0
5664	32	0
5665	32	0
5666	32	0
5667	32	0
5668	32	0
5669	32	0
5670	32	0
5671	32	0
5672	32	0
5673	32	0
5674	32	0
5675	32	0
5676	32	0
5677	32	0
5678	32	0
5679	32	0
5680	32	0
5681	32	0
5682	32	0
5683	32	0
5684	32	0
5685	32	0
5686	32	0
5687	32	0
5688	32	0
5689	32	0
5690	32	0
5691	32	0
5692	32	0
5693	32	0
5694	32	0
5695	32	0
5696	32	0
5697	32	0
5698	32	0
5699	32	0
5700	32	0
5701	32	0
5702	32	0
5703	32	0
5704	32	0
5705	32	0
5706	32	0
5707	32	0
5708	32	0
5709	32	0
5710	32	0
5711	32	0
5712	32	0
5713	32	0
5714	32	0
5715	32	0
5716	32	0
5717	32	0
5718	32	0
5719	32	0
5720	32	0
5721	32	0
5722	32	0
5723	32	0
5724	32	0
5725	32	0
5726	32	0
5727	32	0
5728	32	0
5729	32	0
5730	32	0
5731	32	0
5732	32	0
5733	32	0
5734	32	0
5735	32	0
5736	32	0
5737	32	0
5738	32	0
5739	32	0
5740	32	0
5741	32	0
5742	32	0
5743	32	0
5744	32	0
5745	32	0
5746	32	0
5747	32	0
5748	32	0
5749	32	0
5750	32	0
5751	32	0
5752	32	0
5753	32	0
5754	32	0
5755	32	0
5756	32	0
5757	32	0
5758	32	0
5759	32	0
5760	32	0
5761	32	0
5762	32	0
5763	32	0
5764	32	0
5765	32	0
5766	32	0
5767	32	0
5768	32	0
5769	32	0
5770	32	0
5771	32	0
5772	32	0
5773	32	0
5774	32	0
5775	32	0
5776	32	0
5777	32	0
5778	32	0
5779	32	0
5780	32	0
5781	32	0
5782	32	0
5783	32	0
5784	32	0
5785	32	0
5786	32	0
5787	32	0
5788	32	0
5789	32	0
5790	32	0
5791	32	0
5792	32	0
5793	32	0
5794	32	0
5795	32	0
5796	32	0
5797	32	0
5798	32	0
5799	32	0
5800	32	0
5801	32	0
5802	32	0
5803	32	0
5804	32	0
5805	32	0
5806	32	0
5807	32	0
5808	32	0
5809	32	0
5810	32	0
5811	32	0
5812	32	0
5813	32	0
5814	32	0
5815	32	0
5816	32	0
5817	32	0
5818	32	0
5819	32	0
5820	32	0
5821	32	0
5822	32	0
5823	32	0
5824	32	0
5825	32	0
5826	32	0
5827	32	0
5828	32	0
5829	32	0
5830	32	0
5831	32	0
5832	32	0
5833	32	0
5834	32	0
5835	32	0
5836	32	0
5837	32	0
5838	32	0
5839	32	0
5840	32	0
5841	32	0
5842	32	0
5843	32	0
5844	32	0
5845	32	0
5846	32	0
5847	32	0
5848	32	0
5849	32	0
5850	32	0
5851	32	0
5852	32	0
5853	32	0
5854	32	0
5855	32	0
5856	32	0
5857	32	0
5858	32	0
5859	32	0
5860	32	0
5861	32	0
5862	32	0
5863	32	0
5864	32	0
5865	32	0
5866	32	0
5867	32	0
5868	32	0
5869	32	0
5870	32	0
5871	32	0
5872	32	0
5873	32	0
5874	32	0
5875	32	0
5876	32	0
5877	32	0
5878	32	0
5879	32	0
5880	32	0
5881	32	0
5882	32	0
5883	32	0
5884	32	0
5885	32	0
5886	32	0
5887	32	0
5888	32	0
5889	32	0
5890	32	0
5891	32	0
5892	32	0
5893	32	0
5894	32	0
5895	32	0
5896	32	0
5897	32	0
5898	32	0
5899	32	0
5900	32	0
5901	32	0
5902	32	0
5903	32	0
5904	32	0
5905	32	0
5906	32	0
5907	32	0
5908	32	0
5909	32	0
5910	32	0
5911	32	0
5912	32	0
5913	32	0
5914	32	0
5915	32	0
5916	32	0
5917	32	0
5918	32	0
5919	32	0
5920	32	0
5921	32	0
5922	32	0
5923	32	0
5924	32	0
5925	32	0
5926	32	0
5927	32	0
5928	32	0
5929	32	0
5930	32	0
5931	32	0
5932	32	0
5933	32	0
5934	32	0
5935	32	0
5936	32	0
5937	32	0
5938	32	0
5939	32	0
5940	32	0
5941	32	0
5942	32	0
5943	32	0
5944	32	0
5945	32	0
5946	32	0
5947	32	0
5948	32	0
5949	32	0
5950	32	0
5951	32	0
5952	32	0
5953	32	0
5954	32	0
5955	32	0
5956	32	0
5957	32	0
5958	32	0
5959	32	0
5960	32	0
5961	32	0
5962	32	0
5963	32	0
5964	32	0
5965	32	0
5966	32	0
5967	32	0
5968	32	0
5969	32	0
5970	32	0
5971	32	0
5972	32	0
5973	32	0
5974	32	0
5975	32	0
5976	32	0
5977	32	0
5978	32	0
5979	32	0
5980	32	0
5981	32	0
5982	32	0
5983	32	0
5984	32	0
5985	32	0
5986	32	0
5987	32	0
5988	32	0
5989	32	0
5990	32	0
5991	32	0
5992	32	0
5993	32	0
5994	32	0
5995	32	0
5996	32	0
5997	32	0
5998	32	0
5999	32	0
6000	32	0
6001	32	0
6002	32	0
6003	32	0
6004	32	0
6005	32	0
6006	32	0
6007	32	0
6008	32	0
6009	32	0
6010	32	0
6011	32	0
6012	32	0
6013	32	0
6014	32	0
6015	32	0
6016	32	0
6017	32	0
6018	32	0
6019	32	0
6020	32	0
6021	32	0
6022	32	0
6023	32	0
6024	32	0
6025	32	0
6026	32	0
6027	32	0
6028	32	0
6029	32	0
6030	32	0
6031	32	0
6032	32	0
6033	32	0
6034	32	0
6035	32	0
6036	32	0
6037	32	0
6038	32	0
6039	32	0
6040	32	0
6041	32	0
6042	32	0
6043	32	0
6044	32	0
6045	32	0
6046	32	0
6047	32	0
6048	32	0
6049	32	0
6050	32	0
6051	33	0
6052	33	0
6053	33	0
6054	33	0
6055	33	0
6056	33	0
6057	33	0
6058	33	0
6059	33	0
6060	33	0
6061	33	0
6062	33	0
6063	33	0
6064	33	0
6065	33	0
6066	33	0
6067	33	0
6068	33	0
6069	33	0
6070	33	0
6071	33	0
6072	33	0
6073	33	0
6074	33	0
6075	33	0
6076	33	0
6077	33	0
6078	33	0
6079	33	0
6080	33	0
6081	33	0
6082	33	0
6083	33	0
6084	33	0
6085	33	0
6086	33	0
6087	33	0
6088	33	0
6089	33	0
6090	33	0
6091	33	0
6092	33	0
6093	33	0
6094	33	0
6095	33	0
6096	33	0
6097	33	0
6098	33	0
6099	33	0
6100	33	0
6101	33	0
6102	33	0
6103	33	0
6104	33	0
6105	33	0
6106	33	0
6107	33	0
6108	33	0
6109	33	0
6110	33	0
6111	33	0
6112	33	0
6113	33	0
6114	33	0
6115	33	0
6116	33	0
6117	33	0
6118	33	0
6119	33	0
6120	33	0
6121	33	0
6122	33	0
6123	33	0
6124	33	0
6125	33	0
6126	33	0
6127	33	0
6128	33	0
6129	33	0
6130	33	0
6131	33	0
6132	33	0
6133	33	0
6134	33	0
6135	33	0
6136	33	0
6137	33	0
6138	33	0
6139	33	0
6140	33	0
6141	33	0
6142	33	0
6143	33	0
6144	33	0
6145	33	0
6146	33	0
6147	33	0
6148	33	0
6149	33	0
6150	33	0
6151	33	0
6152	33	0
6153	33	0
6154	33	0
6155	33	0
6156	33	0
6157	33	0
6158	33	0
6159	33	0
6160	33	0
6161	33	0
6162	33	0
6163	33	0
6164	33	0
6165	33	0
6166	33	0
6167	33	0
6168	33	0
6169	33	0
6170	33	0
6171	33	0
6172	33	0
6173	33	0
6174	33	0
6175	33	0
6176	33	0
6177	33	0
6178	33	0
6179	33	0
6180	33	0
6181	33	0
6182	33	0
6183	33	0
6184	33	0
6185	33	0
6186	33	0
6187	33	0
6188	33	0
6189	33	0
6190	33	0
6191	33	0
6192	33	0
6193	33	0
6194	33	0
6195	33	0
6196	33	0
6197	33	0
6198	33	0
6199	33	0
6200	33	0
6201	33	0
6202	33	0
6203	33	0
6204	33	0
6205	33	0
6206	33	0
6207	33	0
6208	33	0
6209	33	0
6210	33	0
6211	33	0
6212	33	0
6213	33	0
6214	33	0
6215	33	0
6216	33	0
6217	33	0
6218	33	0
6219	33	0
6220	33	0
6221	33	0
6222	33	0
6223	33	0
6224	33	0
6225	33	0
6226	33	0
6227	33	0
6228	33	0
6229	33	0
6230	33	0
6231	33	0
6232	33	0
6233	33	0
6234	33	0
6235	33	0
6236	33	0
6237	33	0
6238	33	0
6239	33	0
6240	33	0
6241	33	0
6242	33	0
6243	33	0
6244	33	0
6245	33	0
6246	33	0
6247	33	0
6248	33	0
6249	33	0
6250	33	0
6251	33	0
6252	33	0
6253	33	0
6254	33	0
6255	33	0
6256	33	0
6257	33	0
6258	33	0
6259	33	0
6260	33	0
6261	33	0
6262	33	0
6263	33	0
6264	33	0
6265	33	0
6266	33	0
6267	33	0
6268	33	0
6269	33	0
6270	33	0
6271	33	0
6272	33	0
6273	33	0
6274	33	0
6275	33	0
6276	33	0
6277	33	0
6278	33	0
6279	33	0
6280	33	0
6281	33	0
6282	33	0
6283	33	0
6284	33	0
6285	33	0
6286	33	0
6287	33	0
6288	33	0
6289	33	0
6290	33	0
6291	33	0
6292	33	0
6293	33	0
6294	33	0
6295	33	0
6296	33	0
6297	33	0
6298	33	0
6299	33	0
6300	33	0
6301	33	0
6302	33	0
6303	33	0
6304	33	0
6305	33	0
6306	33	0
6307	33	0
6308	33	0
6309	33	0
6310	33	0
6311	33	0
6312	33	0
6313	33	0
6314	33	0
6315	33	0
6316	33	0
6317	33	0
6318	33	0
6319	33	0
6320	33	0
6321	33	0
6322	33	0
6323	33	0
6324	33	0
6325	33	0
6326	33	0
6327	33	0
6328	33	0
6329	33	0
6330	33	0
6331	33	0
6332	33	0
6333	33	0
6334	33	0
6335	33	0
6336	33	0
6337	33	0
6338	33	0
6339	33	0
6340	33	0
6341	33	0
6342	33	0
6343	33	0
6344	33	0
6345	33	0
6346	33	0
6347	33	0
6348	33	0
6349	33	0
6350	33	0
6351	33	0
6352	33	0
6353	33	0
6354	33	0
6355	33	0
6356	33	0
6357	33	0
6358	33	0
6359	33	0
6360	33	0
6361	33	0
6362	33	0
6363	33	0
6364	33	0
6365	33	0
6366	33	0
6367	33	0
6368	33	0
6369	33	0
6370	33	0
6371	33	0
6372	33	0
6373	33	0
6374	33	0
6375	33	0
6376	33	0
6377	33	0
6378	33	0
6379	33	0
6380	33	0
6381	33	0
6382	33	0
6383	33	0
6384	33	0
6385	33	0
6386	33	0
6387	33	0
6388	33	0
6389	33	0
6390	33	0
6391	33	0
6392	33	0
6393	33	0
6394	33	0
6395	33	0
6396	33	0
6397	33	0
6398	33	0
6399	33	0
6400	33	0
6401	33	0
6402	33	0
6403	33	0
6404	33	0
6405	33	0
6406	33	0
6407	33	0
6408	33	0
6409	33	0
6410	33	0
6411	33	0
6412	33	0
6413	33	0
6414	33	0
6415	33	0
6416	33	0
6417	33	0
6418	33	0
6419	33	0
6420	33	0
6421	33	0
6422	33	0
6423	33	0
6424	33	0
6425	33	0
6426	33	0
6427	33	0
6428	33	0
6429	33	0
6430	33	0
6431	33	0
6432	33	0
6433	33	0
6434	33	0
6435	33	0
6436	33	0
6437	33	0
6438	33	0
6439	33	0
6440	33	0
6441	33	0
6442	33	0
6443	33	0
6444	33	0
6445	33	0
6446	33	0
6447	33	0
6448	33	0
6449	33	0
6450	33	0
6451	33	0
6452	33	0
6453	33	0
6454	33	0
6455	33	0
6456	33	0
6457	33	0
6458	33	0
6459	33	0
6460	33	0
6461	33	0
6462	33	0
6463	33	0
6464	33	0
6465	33	0
6466	33	0
6467	33	0
6468	33	0
6469	33	0
6470	33	0
6471	33	0
6472	33	0
6473	33	0
6474	33	0
6475	33	0
6476	33	0
6477	33	0
6478	33	0
6479	33	0
6480	33	0
6481	33	0
6482	33	0
6483	33	0
6484	33	0
6485	33	0
6486	33	0
6487	33	0
6488	33	0
6489	33	0
6490	33	0
6491	33	0
6492	33	0
6493	33	0
6494	33	0
6495	33	0
6496	33	0
6497	33	0
6498	33	0
6499	33	0
6500	33	0
6501	33	0
6502	33	0
6503	33	0
6504	33	0
6505	33	0
6506	34	0
6507	34	0
6508	34	0
6509	34	0
6510	34	0
6511	34	0
6512	34	0
6513	34	0
6514	34	0
6515	34	0
6516	34	0
6517	34	0
6518	34	0
6519	34	0
6520	34	0
6521	34	0
6522	34	0
6523	34	0
6524	34	0
6525	34	0
6526	34	0
6527	34	0
6528	34	0
6529	34	0
6530	34	0
6531	34	0
6532	34	0
6533	34	0
6534	34	0
6535	34	0
6536	34	0
6537	34	0
6538	34	0
6539	34	0
6540	34	0
6541	34	0
6542	34	0
6543	34	0
6544	34	0
6545	34	0
6546	34	0
6547	34	0
6548	34	0
6549	34	0
6550	34	0
6551	34	0
6552	34	0
6553	34	0
6554	34	0
6555	34	0
6556	34	0
6557	34	0
6558	34	0
6559	34	0
6560	34	0
6561	34	0
6562	34	0
6563	34	0
6564	34	0
6565	34	0
6566	34	0
6567	34	0
6568	34	0
6569	34	0
6570	34	0
6571	34	0
6572	34	0
6573	34	0
6574	34	0
6575	34	0
6576	34	0
6577	34	0
6578	34	0
6579	34	0
6580	34	0
6581	34	0
6582	34	0
6583	34	0
6584	34	0
6585	34	0
6586	34	0
6587	34	0
6588	34	0
6589	34	0
6590	34	0
6591	34	0
6592	34	0
6593	34	0
6594	34	0
6595	34	0
6596	34	0
6597	34	0
6598	34	0
6599	34	0
6600	34	0
6601	34	0
6602	34	0
6603	34	0
6604	34	0
6605	34	0
6606	34	0
6607	34	0
6608	34	0
6609	34	0
6610	34	0
6611	34	0
6612	34	0
6613	34	0
6614	34	0
6615	34	0
6616	34	0
6617	34	0
6618	34	0
6619	34	0
6620	34	0
6621	34	0
6622	34	0
6623	34	0
6624	34	0
6625	34	0
6626	34	0
6627	34	0
6628	34	0
6629	34	0
6630	34	0
6631	34	0
6632	34	0
6633	34	0
6634	34	0
6635	34	0
6636	34	0
6637	34	0
6638	34	0
6639	34	0
6640	34	0
6641	34	0
6642	34	0
6643	34	0
6644	34	0
6645	34	0
6646	34	0
6647	34	0
6648	34	0
6649	34	0
6650	34	0
6651	34	0
6652	34	0
6653	34	0
6654	34	0
6655	34	0
6656	34	0
6657	34	0
6658	34	0
6659	34	0
6660	34	0
6661	34	0
6662	34	0
6663	34	0
6664	34	0
6665	34	0
6666	34	0
6667	34	0
6668	34	0
6669	34	0
6670	34	0
6671	34	0
6672	34	0
6673	34	0
6674	34	0
6675	34	0
6676	34	0
6677	34	0
6678	34	0
6679	34	0
6680	34	0
6681	34	0
6682	34	0
6683	34	0
6684	34	0
6685	34	0
6686	34	0
6687	34	0
6688	34	0
6689	34	0
6690	34	0
6691	34	0
6692	34	0
6693	34	0
6694	34	0
6695	34	0
6696	34	0
6697	34	0
6698	34	0
6699	34	0
6700	34	0
6701	34	0
6702	34	0
6703	34	0
6704	34	0
6705	34	0
6706	34	0
6707	34	0
6708	34	0
6709	34	0
6710	34	0
6711	34	0
6712	34	0
6713	34	0
6714	34	0
6715	34	0
6716	34	0
6717	34	0
6718	34	0
6719	34	0
6720	34	0
6721	34	0
6722	34	0
6723	34	0
6724	34	0
6725	34	0
6726	34	0
6727	34	0
6728	34	0
6729	34	0
6730	34	0
6731	34	0
6732	34	0
6733	34	0
6734	34	0
6735	34	0
6736	34	0
6737	34	0
6738	34	0
6739	34	0
6740	34	0
6741	34	0
6742	34	0
6743	34	0
6744	34	0
6745	34	0
6746	34	0
6747	34	0
6748	34	0
6749	34	0
6750	34	0
6751	34	0
6752	34	0
6753	34	0
6754	34	0
6755	34	0
6756	34	0
6757	34	0
6758	34	0
6759	34	0
6760	34	0
6761	34	0
6762	35	0
6763	35	0
6764	35	0
6765	35	0
6766	35	0
6767	35	0
6768	35	0
6769	35	0
6770	35	0
6771	35	0
6772	35	0
6773	35	0
6774	35	0
6775	35	0
6776	35	0
6777	35	0
6778	35	0
6779	35	0
6780	35	0
6781	35	0
6782	35	0
6783	35	0
6784	35	0
6785	35	0
6786	35	0
6787	35	0
6788	35	0
6789	35	0
6790	35	0
6791	35	0
6792	35	0
6793	35	0
6794	35	0
6795	35	0
6796	35	0
6797	35	0
6798	35	0
6799	35	0
6800	35	0
6801	35	0
6802	35	0
6803	35	0
6804	35	0
6805	35	0
6806	35	0
6807	35	0
6808	35	0
6809	35	0
6810	35	0
6811	35	0
6812	35	0
6813	35	0
6814	35	0
6815	35	0
6816	35	0
6817	35	0
6818	35	0
6819	35	0
6820	35	0
6821	35	0
6822	35	0
6823	35	0
6824	35	0
6825	35	0
6826	35	0
6827	35	0
6828	35	0
6829	35	0
6830	35	0
6831	35	0
6832	35	0
6833	35	0
6834	35	0
6835	35	0
6836	35	0
6837	35	0
6838	35	0
6839	35	0
6840	35	0
6841	35	0
6842	35	0
6843	35	0
6844	35	0
6845	35	0
6846	35	0
6847	35	0
6848	35	0
6849	35	0
6850	35	0
6851	35	0
6852	35	0
6853	35	0
6854	35	0
6855	35	0
6856	35	0
6857	35	0
6858	35	0
6859	35	0
6860	35	0
6861	35	0
6862	35	0
6863	35	0
6864	35	0
6865	35	0
6866	35	0
6867	35	0
6868	35	0
6869	35	0
6870	35	0
6871	35	0
6872	35	0
6873	35	0
6874	35	0
6875	35	0
6876	35	0
6877	35	0
6878	35	0
6879	35	0
6880	35	0
6881	35	0
6882	35	0
6883	35	0
6884	35	0
6885	35	0
6886	35	0
6887	35	0
6888	35	0
6889	35	0
6890	35	0
6891	35	0
6892	35	0
6893	35	0
6894	35	0
6895	35	0
6896	35	0
6897	35	0
6898	35	0
6899	35	0
6900	35	0
6901	35	0
6902	35	0
6903	35	0
6904	35	0
6905	35	0
6906	35	0
6907	35	0
6908	35	0
6909	35	0
6910	35	0
6911	35	0
6912	35	0
6913	35	0
6914	35	0
6915	35	0
6916	35	0
6917	35	0
6918	35	0
6919	35	0
6920	35	0
6921	35	0
6922	35	0
6923	35	0
6924	35	0
6925	35	0
6926	35	0
6927	35	0
6928	35	0
6929	35	0
6930	35	0
6931	35	0
6932	35	0
6933	35	0
6934	35	0
6935	35	0
6936	35	0
6937	35	0
6938	35	0
6939	35	0
6940	35	0
6941	35	0
6942	35	0
6943	35	0
6944	35	0
6945	35	0
6946	35	0
6947	35	0
6948	35	0
6949	35	0
6950	35	0
6951	35	0
6952	35	0
6953	35	0
6954	35	0
6955	35	0
6956	35	0
6957	35	0
6958	35	0
6959	35	0
6960	35	0
6961	35	0
6962	35	0
6963	35	0
6964	35	0
6965	35	0
6966	35	0
6967	35	0
6968	35	0
6969	35	0
6970	35	0
6971	35	0
6972	35	0
6973	35	0
6974	35	0
6975	35	0
6976	35	0
6977	35	0
6978	35	0
6979	35	0
6980	35	0
6981	35	0
6982	35	0
6983	35	0
6984	35	0
6985	35	0
6986	35	0
6987	35	0
6988	35	0
6989	35	0
6990	35	0
6991	35	0
6992	35	0
6993	35	0
6994	35	0
6995	35	0
6996	35	0
6997	35	0
6998	35	0
6999	35	0
7000	35	0
7001	35	0
7002	35	0
7003	35	0
7004	35	0
7005	35	0
7006	35	0
7007	35	0
7008	35	0
7009	35	0
7010	35	0
7011	35	0
7012	35	0
7013	35	0
7014	35	0
7015	35	0
7016	35	0
7017	35	0
7018	35	0
7019	35	0
7020	35	0
7021	35	0
7022	35	0
7023	35	0
7024	35	0
7025	35	0
7026	35	0
7027	35	0
7028	35	0
7029	35	0
7030	35	0
7031	35	0
7032	35	0
7033	35	0
7034	35	0
7035	35	0
7036	35	0
7037	35	0
7038	35	0
7039	35	0
7040	35	0
7041	35	0
7042	35	0
7043	35	0
7044	35	0
7045	35	0
7046	35	0
7047	35	0
7048	35	0
7049	35	0
7050	35	0
7051	35	0
7052	35	0
7053	35	0
7054	35	0
7055	35	0
7056	35	0
7057	35	0
7058	35	0
7059	35	0
7060	35	0
7061	35	0
7062	35	0
7063	35	0
7064	35	0
7065	35	0
7066	35	0
7067	35	0
7068	35	0
7069	35	0
7070	35	0
7071	35	0
7072	35	0
7073	35	0
7074	35	0
7075	35	0
7076	35	0
7077	35	0
7078	35	0
7079	35	0
7080	35	0
7081	35	0
7082	35	0
7083	35	0
7084	35	0
7085	35	0
7086	35	0
7087	35	0
7088	35	0
7089	35	0
7090	35	0
7091	35	0
7092	35	0
7093	35	0
7094	35	0
7095	35	0
7096	35	0
7097	35	0
7098	35	0
7099	35	0
7100	35	0
7101	35	0
7102	35	0
7103	35	0
7104	35	0
7105	35	0
7106	35	0
7107	35	0
7108	35	0
7109	35	0
7110	35	0
7111	35	0
7112	35	0
7113	35	0
7114	35	0
7115	35	0
7116	35	0
7117	35	0
7118	35	0
7119	35	0
7120	35	0
7121	35	0
7122	35	0
7123	35	0
7124	35	0
7125	35	0
7126	35	0
7127	35	0
7128	35	0
7129	35	0
7130	35	0
7131	35	0
7132	35	0
7133	35	0
7134	35	0
7135	35	0
7136	35	0
7137	35	0
7138	35	0
7139	35	0
7140	35	0
7141	35	0
7142	35	0
7143	35	0
7144	35	0
7145	35	0
7146	35	0
7147	35	0
7148	35	0
7149	35	0
7150	35	0
7151	35	0
7152	35	0
7153	35	0
7154	35	0
7155	35	0
7156	35	1
7157	35	1
7158	35	1
7159	35	1
7160	35	1
7161	35	1
7162	35	1
7163	35	1
7164	35	1
7165	35	1
7166	35	1
7167	35	1
7168	35	1
7169	35	1
7170	35	1
7171	35	1
7172	35	1
7173	35	1
7174	35	1
7175	35	1
7176	35	1
7177	35	1
7178	35	1
7179	35	1
7180	35	1
7181	35	1
7182	35	1
7183	35	1
7184	35	1
7185	35	1
7186	35	1
7187	35	1
7188	35	1
7189	35	1
7190	35	1
7191	35	1
7192	35	1
7193	35	1
7194	35	1
7195	35	1
7196	35	1
7197	35	1
7198	35	1
7199	35	1
7200	35	1
7201	35	1
7202	35	1
7203	35	1
7204	35	1
7205	35	1
7206	35	1
7207	35	1
7208	35	1
7209	35	1
7210	35	1
7211	35	1
7212	35	1
7213	35	1
7214	35	1
7215	35	1
7216	35	1
7217	35	1
7218	35	1
7219	35	1
7220	35	1
7221	35	1
7222	35	1
7223	35	1
7224	35	1
7225	35	1
7226	35	1
7227	35	1
7228	35	1
7229	35	1
7230	35	1
7231	35	1
7232	35	1
7233	35	1
7234	35	1
7235	35	1
7236	35	1
7237	35	1
7238	35	1
7239	35	1
7240	35	1
7241	35	1
7242	35	1
7243	35	1
7244	35	1
7245	35	1
7246	35	1
7247	35	1
7248	35	1
7249	35	1
7250	35	1
7251	35	1
7252	35	1
7253	35	1
7254	35	1
7255	35	1
7256	35	1
7257	35	1
7258	35	1
7259	35	1
7260	35	1
7261	35	1
7262	35	1
7263	35	1
7264	35	1
7265	35	1
7266	35	1
7267	35	1
7268	35	1
7269	35	1
7270	35	1
7271	35	1
7272	35	1
7273	35	1
7274	35	1
7275	35	1
7276	35	1
7277	35	1
7278	35	1
7279	35	1
7280	35	1
7281	35	1
7282	35	1
7283	35	1
7284	35	1
7285	35	1
7286	35	1
7287	35	1
7288	35	1
7289	35	1
7290	35	1
7291	35	1
7292	35	1
7293	35	1
7294	35	1
7295	35	1
7296	35	1
7297	35	1
7298	35	1
7299	35	1
7300	35	1
7301	35	1
7302	35	1
7303	35	1
7304	35	1
7305	35	1
7306	35	1
7307	35	1
7308	35	1
7309	35	1
7310	35	1
7311	35	1
7312	35	1
7313	35	1
7314	35	1
7315	35	1
7316	35	1
7317	35	1
7318	35	1
7319	35	1
7320	35	1
7321	35	1
7322	35	1
7323	35	1
7324	35	1
7325	35	1
7326	35	1
7327	35	1
7328	35	1
7329	35	1
7330	35	1
7331	35	1
7332	35	1
7333	35	1
7334	35	1
7335	35	1
7336	35	1
7337	35	1
7338	35	1
7339	35	1
7340	35	1
7341	35	1
7342	35	1
7343	35	1
7344	35	1
7345	35	1
7346	35	1
7347	35	1
7348	35	1
7349	35	1
7350	35	1
7351	35	1
7352	35	1
7353	35	1
7354	35	1
7355	35	1
7356	35	1
7357	35	1
7358	35	1
7359	35	1
7360	35	1
7361	35	1
7362	35	1
7363	35	1
7364	35	1
7365	35	1
7366	35	1
7367	35	1
7368	35	1
7369	35	1
7370	35	1
7371	35	1
7372	35	1
7373	35	1
7374	35	1
7375	35	1
7376	35	1
7377	35	1
7378	35	1
7379	35	1
7380	35	1
7381	35	1
7382	35	1
7383	35	1
7384	35	1
7385	35	1
7386	35	1
7387	35	1
7388	35	1
7389	35	1
7390	35	1
7391	35	1
7392	35	1
7393	35	1
7394	35	1
7395	35	1
7396	35	2
7397	35	2
7398	35	2
7399	35	2
7400	35	2
7401	35	2
7402	35	2
7403	35	2
7404	35	2
7405	35	2
7406	35	2
7407	35	2
7408	35	2
7409	35	2
7410	35	2
7411	35	2
7412	35	2
7413	35	2
7414	35	2
7415	35	2
7416	35	2
7417	35	2
7418	35	2
7419	35	2
7420	35	2
7421	35	2
7422	35	2
7423	35	2
7424	35	2
7425	35	2
7426	35	2
7427	35	2
7428	35	2
7429	35	2
7430	35	2
7431	35	2
7432	35	2
7433	35	2
7434	35	2
7435	35	2
7436	35	2
7437	35	2
7438	35	2
7439	35	2
7440	35	2
7441	35	2
7442	35	2
7443	35	2
7444	35	2
7445	35	2
7446	35	2
7447	35	2
7448	35	2
7449	35	2
7450	35	2
7451	35	2
7452	35	2
7453	35	2
7454	35	2
7455	35	2
7456	35	2
7457	35	2
7458	35	2
7459	35	2
7460	35	2
7461	35	2
7462	35	2
7463	35	2
7464	35	2
7465	35	2
7466	35	2
7467	35	2
7468	35	2
7469	35	2
7470	35	2
7471	35	2
7472	35	2
7473	35	2
7474	35	2
7475	35	2
7476	35	2
7477	35	2
7478	35	2
7479	35	2
7480	35	2
7481	35	2
7482	35	2
7483	35	2
7484	35	2
7485	35	2
7486	35	2
7487	35	2
7488	35	2
7489	35	2
7490	35	2
7491	35	2
7492	35	2
7493	35	2
7494	35	2
7495	35	2
7496	35	2
7497	35	2
7498	35	2
7499	35	2
7500	35	2
7501	35	2
7502	35	2
7503	35	2
7504	35	2
7505	35	2
7506	35	2
7507	35	2
7508	35	2
7509	35	2
7510	35	2
7511	35	2
7512	35	2
7513	35	2
7514	35	2
7515	35	2
7516	35	2
7517	35	2
7518	35	2
7519	35	2
7520	35	2
7521	35	2
7522	35	2
7523	35	2
7524	35	2
7525	35	2
7526	35	2
7527	35	2
7528	35	2
7529	35	2
7530	35	2
7531	35	2
7532	35	2
7533	35	2
7534	35	2
7535	35	2
7536	35	2
7537	35	2
7538	35	2
7539	35	2
7540	35	2
7541	35	2
7542	35	2
7543	35	2
7544	35	2
7545	35	2
7546	35	2
7547	35	2
7548	35	2
7549	35	2
7550	35	2
7551	35	2
7552	35	2
7553	35	2
7554	35	2
7555	35	2
7556	35	2
7557	35	2
7558	35	2
7559	35	2
7560	35	2
7561	35	2
7562	35	2
7563	35	2
7564	35	2
7565	35	2
7566	35	2
7567	35	2
7568	35	2
7569	35	2
7570	35	2
7571	35	2
7572	35	2
7573	35	2
7574	35	2
7575	35	2
7576	35	2
7577	35	2
7578	35	2
7579	35	2
7580	35	2
7581	35	2
7582	35	2
7583	35	2
7584	35	2
7585	35	2
7586	35	2
7587	35	2
7588	35	2
7589	35	2
7590	35	2
7591	35	2
7592	35	2
7593	35	2
7594	35	2
7595	35	2
7596	35	2
7597	35	2
7598	35	2
7599	35	2
7600	35	2
7601	35	2
7602	35	2
7603	35	2
7604	35	2
7605	35	2
7606	35	2
7607	35	2
7608	35	2
7609	35	2
7610	35	2
7611	35	2
7612	35	2
7613	35	2
7614	35	2
7615	35	2
7616	35	2
7617	35	2
7618	35	2
7619	35	2
7620	35	2
7621	35	2
7622	35	2
7623	35	2
7624	35	2
7625	35	2
7626	35	2
7627	35	2
7628	35	2
7629	35	2
7630	35	2
7631	35	2
7632	35	2
7633	35	2
7634	35	2
7635	35	2
7636	35	2
7637	35	2
7638	35	2
7639	35	2
7640	35	2
7641	35	2
7642	35	2
7643	35	2
7644	35	2
7645	35	2
7646	35	2
7647	35	2
7648	35	2
7649	35	2
7650	35	2
7651	35	2
7652	35	2
7653	35	2
7654	35	2
7655	35	2
7656	35	2
7657	35	2
7658	35	2
7659	35	2
7660	35	2
7661	35	2
7662	35	2
7663	35	2
7664	35	2
7665	35	2
7666	35	2
7667	35	2
7668	35	2
7669	35	2
7670	35	2
7671	35	2
7672	35	2
7673	35	2
7674	35	2
7675	35	2
7676	35	2
7677	35	2
7678	35	2
7679	35	2
7680	35	2
7681	35	2
7682	35	2
7683	35	2
7684	35	2
7685	35	2
7686	35	2
7687	35	2
7688	35	2
7689	35	2
7690	35	2
7691	35	2
7692	35	2
7693	35	2
7694	35	2
7695	35	2
7696	35	2
7697	35	2
7698	35	2
7699	35	2
7700	35	2
7701	35	2
7702	35	2
7703	35	2
7704	35	2
7705	35	2
7706	35	2
7707	35	2
7708	35	2
7709	35	2
7710	35	2
7711	35	2
7712	35	2
7713	35	2
7714	35	2
7715	35	2
7716	35	2
7717	35	2
7718	35	2
7719	35	2
7720	35	2
7721	35	2
7722	35	2
7723	35	2
7724	35	2
7725	35	2
7726	35	2
7727	35	2
7728	35	2
7729	35	2
7730	35	2
7731	35	2
7732	35	2
7733	35	2
7734	35	2
7735	35	2
7736	35	2
7737	35	2
7738	35	2
7739	35	2
7740	35	2
7741	35	2
7742	35	2
7743	35	2
7744	35	2
7745	35	2
7746	35	2
7747	35	2
7748	35	2
7749	35	2
7750	35	2
7751	35	2
7752	35	2
7753	35	2
7754	35	2
7755	35	2
7756	35	2
7757	35	2
7758	35	2
7759	35	2
7760	35	2
7761	35	2
7762	35	2
7763	35	2
7764	35	2
7765	35	2
7766	35	2
7767	35	2
7768	35	2
7769	35	2
7770	35	2
7771	35	2
7772	35	2
7773	35	2
7774	35	2
7775	35	2
7776	35	2
7777	35	2
7778	35	2
7779	35	2
7780	35	2
7781	35	2
7782	35	2
7783	35	2
7784	35	2
7785	35	2
7786	35	2
7787	35	2
7788	35	2
7789	35	2
7790	35	2
7791	35	2
7792	35	2
7793	35	2
7794	35	2
7795	35	2
7796	35	2
7797	35	2
7798	35	2
7799	35	2
7800	35	2
7801	35	2
7802	35	2
7803	35	2
7804	35	2
7805	35	2
7806	35	2
7807	35	2
7808	35	2
7809	35	2
7810	35	2
7811	35	2
7812	35	2
7813	35	2
7814	35	2
7815	35	2
7816	35	2
7817	35	2
7818	35	2
7819	35	2
7820	35	2
7821	35	2
7822	35	2
7823	35	2
7824	35	2
7825	35	2
7826	35	2
7827	35	2
7828	35	2
7829	35	2
7830	35	2
7831	35	2
7832	35	2
7833	35	2
7834	35	2
7835	35	2
7836	35	2
7837	35	2
7838	35	2
7839	35	2
7840	35	2
7841	35	2
7842	35	2
7843	35	2
7844	35	2
7845	35	2
7846	35	2
7847	35	2
7848	35	2
7849	35	2
7850	35	2
7851	35	2
7852	35	2
7853	35	2
7854	35	2
7855	35	2
7856	35	2
7857	35	2
7858	35	2
7859	35	2
7860	35	2
7861	35	2
7862	35	2
7863	35	2
7864	35	2
7865	35	2
7866	35	2
7867	35	2
7868	35	2
7869	35	2
7870	35	2
7871	35	2
7872	35	2
7873	35	2
7874	35	2
7875	35	2
7876	35	2
7877	35	2
7878	35	2
7879	35	2
7880	35	2
7881	35	2
7882	35	2
7883	35	2
7884	35	2
7885	35	2
7886	35	2
7887	35	2
7888	35	2
7889	35	2
7890	35	2
7891	35	2
7892	35	2
7893	35	2
7894	35	2
7895	35	2
7896	35	2
7897	35	2
7898	35	2
7899	35	2
7900	35	2
7901	35	2
7902	35	2
7903	35	2
7904	35	2
7905	35	2
7906	35	2
7907	35	2
7908	35	2
7909	35	2
7910	35	2
7911	35	2
7912	35	2
7913	35	2
7914	35	2
7915	35	2
7916	35	2
7917	35	2
7918	35	2
7919	35	2
7920	35	2
7921	35	2
7922	35	2
7923	35	2
7924	35	2
7925	35	2
7926	35	2
7927	35	2
7928	35	2
7929	35	2
7930	35	2
7931	35	2
7932	35	2
7933	35	2
7934	35	2
7935	35	2
7936	35	2
7937	35	2
7938	35	2
7939	35	2
7940	35	2
7941	35	2
7942	35	2
7943	35	2
7944	35	2
7945	35	2
7946	35	2
7947	35	2
7948	35	2
7949	35	2
7950	35	2
7951	35	2
7952	35	2
7953	35	2
7954	35	2
7955	35	2
7956	35	2
7957	35	2
7958	35	2
7959	35	2
7960	35	2
7961	35	2
7962	35	2
7963	35	2
7964	35	2
7965	35	2
7966	35	2
7967	35	2
7968	35	2
7969	35	2
7970	35	2
7971	35	2
7972	35	2
7973	35	2
7974	35	2
7975	35	2
7976	35	2
7977	35	2
7978	35	2
7979	35	2
7980	35	2
7981	35	2
7982	35	2
7983	35	2
7984	35	2
7985	35	2
7986	35	2
7987	35	2
7988	35	2
7989	35	2
7990	35	2
7991	35	2
7992	35	2
7993	35	2
7994	35	2
7995	35	2
7996	35	2
7997	35	2
7998	35	2
7999	35	2
8000	36	2
8001	36	2
8002	36	2
8003	36	2
8004	36	2
8005	36	2
8006	36	2
8007	36	2
8008	36	2
8009	36	2
8010	36	2
8011	36	2
8012	36	2
8013	36	2
8014	36	2
8015	36	2
8016	36	2
8017	36	2
8018	36	2
8019	36	2
8020	36	2
8021	36	2
8022	36	2
8023	36	2
8024	36	2
8025	36	2
8026	36	2
8027	36	2
8028	36	2
8029	36	2
8030	36	2
8031	36	2
8032	36	2
8033	36	2
8034	36	2
8035	36	2
8036	36	2
8037	36	2
8038	36	2
8039	36	2
8040	36	2
8041	36	2
8042	36	2
8043	36	2
8044	36	2
8045	36	2
8046	36	2
8047	36	2
8048	36	2
8049	36	2
8050	36	2
8051	36	2
8052	36	2
8053	36	2
8054	36	2
8055	36	2
8056	36	2
8057	36	2
8058	36	2
8059	36	2
8060	36	2
8061	36	2
8062	36	2
8063	36	2
8064	36	2
8065	36	2
8066	36	2
8067	36	2
8068	36	2
8069	36	2
8070	36	2
8071	36	2
8072	36	2
8073	36	2
8074	36	2
8075	36	2
8076	36	2
8077	36	2
8078	36	2
8079	36	2
8080	36	2
8081	36	2
8082	36	2
8083	36	2
8084	36	2
8085	36	2
8086	36	2
8087	36	2
8088	36	2
8089	36	2
8090	36	2
8091	36	2
8092	36	2
8093	36	2
8094	36	2
8095	36	2
8096	36	2
8097	36	2
8098	36	2
8099	36	2
8100	36	2
8101	36	2
8102	36	2
8103	36	2
8104	36	2
8105	36	2
8106	36	2
8107	36	2
8108	36	2
8109	36	2
8110	36	2
8111	36	2
8112	36	2
8113	36	2
8114	36	2
8115	36	2
8116	36	2
8117	36	2
8118	36	2
8119	36	2
8120	36	2
8121	36	2
8122	36	2
8123	36	2
8124	36	2
8125	36	2
8126	36	2
8127	36	2
8128	36	2
8129	36	2
8130	36	2
8131	36	2
8132	36	2
8133	36	2
8134	36	2
8135	36	2
8136	36	2
8137	36	2
8138	36	2
8139	36	2
8140	36	2
8141	36	2
8142	36	2
8143	36	2
8144	36	2
8145	36	2
8146	36	2
8147	36	2
8148	36	2
8149	36	2
8150	36	2
8151	36	2
8152	36	2
8153	36	2
8154	36	2
8155	36	2
8156	36	2
8157	36	2
8158	36	2
8159	36	2
8160	36	2
8161	36	2
8162	36	2
8163	36	2
8164	36	2
8165	36	2
8166	36	2
8167	36	2
8168	36	2
8169	36	2
8170	36	2
8171	36	2
8172	36	2
8173	36	2
8174	36	2
8175	36	2
8176	36	2
8177	36	2
8178	36	2
8179	36	2
8180	36	2
8181	36	2
8182	36	2
8183	36	2
8184	36	2
8185	36	2
8186	36	2
8187	36	2
8188	36	2
8189	36	2
8190	36	2
8191	36	2
8192	36	2
8193	36	2
8194	36	2
8195	36	2
8196	36	2
8197	36	2
8198	36	2
8199	36	2
8200	36	2
8201	36	2
8202	36	2
8203	36	2
8204	36	2
8205	36	2
8206	36	2
8207	36	2
8208	36	2
8209	36	2
8210	36	2
8211	36	2
8212	36	2
8213	36	2
8214	36	2
8215	36	2
8216	36	2
8217	36	2
8218	36	2
8219	36	2
8220	36	2
8221	36	2
8222	36	2
8223	36	2
8224	36	2
8225	36	2
8226	36	2
8227	36	2
8228	36	2
8229	36	2
8230	36	2
8231	36	2
8232	36	2
8233	36	2
8234	36	2
8235	36	2
8236	36	2
8237	36	2
8238	36	2
8239	36	2
8240	36	2
8241	36	2
8242	36	2
8243	36	2
8244	36	2
8245	36	2
8246	36	2
8247	36	2
8248	36	2
8249	36	2
8250	36	2
8251	36	2
8252	36	2
8253	36	2
8254	36	2
8255	36	2
8256	36	2
8257	36	2
8258	36	2
8259	36	2
8260	36	2
8261	36	2
8262	36	2
8263	36	2
8264	36	2
8265	36	2
8266	36	2
8267	36	2
8268	36	2
8269	36	2
8270	36	2
8271	36	2
8272	36	2
8273	36	2
8274	36	2
8275	36	2
8276	36	2
8277	36	2
8278	36	2
8279	36	2
8280	36	2
8281	36	2
8282	36	2
8283	36	2
8284	36	2
8285	36	2
8286	36	2
8287	36	2
8288	36	2
8289	36	2
8290	36	2
8291	36	2
8292	36	2
8293	36	2
8294	36	2
8295	36	2
8296	36	2
8297	36	2
8298	36	2
8299	36	2
8300	36	2
8301	36	2
8302	36	2
8303	36	2
8304	36	2
8305	36	2
8306	36	2
8307	36	2
8308	36	2
8309	36	2
8310	36	2
8311	36	2
8312	36	2
8313	36	2
8314	36	2
8315	36	2
8316	36	2
8317	36	2
8318	36	2
8319	36	2
8320	36	2
8321	36	2
8322	36	2
8323	36	2
8324	36	2
8325	36	2
8326	36	2
8327	36	2
8328	36	2
8329	36	2
8330	36	2
8331	36	2
8332	36	2
8333	36	2
8334	36	2
8335	36	2
8336	36	2
8337	36	2
8338	36	2
8339	36	2
8340	36	2
8341	36	2
8342	36	2
8343	36	2
8344	36	2
8345	36	2
8346	36	2
8347	36	2
8348	36	2
8349	36	2
8350	36	2
8351	36	2
8352	36	2
8353	36	2
8354	36	2
8355	36	2
8356	36	2
8357	36	2
8358	36	2
8359	36	2
8360	36	2
8361	36	2
8362	36	2
8363	36	2
8364	36	2
8365	36	2
8366	36	2
8367	36	2
8368	36	2
8369	36	2
8370	36	2
8371	36	2
8372	36	2
8373	36	2
8374	36	2
8375	36	2
8376	36	2
8377	36	2
8378	36	2
8379	36	2
8380	36	2
8381	36	2
8382	36	2
8383	36	2
8384	36	2
8385	36	2
8386	36	2
8387	36	2
8388	36	2
8389	36	2
8390	36	2
8391	36	2
8392	36	2
8393	36	2
8394	36	2
8395	36	2
8396	36	2
8397	36	2
8398	36	2
8399	36	2
8400	36	2
8401	36	2
8402	36	2
8403	36	2
8404	36	2
8405	36	2
8406	36	2
8407	36	2
8408	36	2
8409	36	2
8410	36	2
8411	36	2
8412	36	2
8413	36	2
8414	36	2
8415	36	2
8416	36	2
8417	36	2
8418	36	2
8419	36	2
8420	36	2
8421	36	2
8422	36	2
8423	36	2
8424	36	2
8425	36	2
8426	36	2
8427	36	2
8428	36	2
8429	36	2
8430	36	2
8431	36	2
8432	36	2
8433	36	2
8434	36	2
8435	36	2
8436	36	2
8437	36	2
8438	36	2
8439	36	2
8440	36	2
8441	36	2
8442	36	2
8443	36	2
8444	36	2
8445	36	2
8446	36	2
8447	36	2
8448	36	2
8449	36	2
8450	36	2
8451	36	2
8452	36	2
8453	36	2
8454	36	2
8455	36	2
8456	36	2
8457	36	2
8458	36	2
8459	36	2
8460	36	2
8461	36	2
8462	36	2
8463	36	2
8464	36	2
8465	36	2
8466	36	2
8467	36	2
8468	36	2
8469	36	2
8470	36	2
8471	36	2
8472	36	2
8473	36	2
8474	36	2
8475	36	2
8476	36	2
8477	36	2
8478	36	2
8479	36	2
8480	36	2
8481	36	2
8482	36	2
8483	36	2
8484	36	2
8485	36	2
8486	36	2
8487	36	2
8488	36	2
8489	36	2
8490	36	2
8491	36	2
8492	36	2
8493	36	2
8494	36	2
8495	36	2
8496	36	2
8497	36	2
8498	36	2
8499	36	2
8500	36	2
8501	36	2
8502	36	2
8503	36	2
8504	36	2
8505	36	2
8506	36	2
8507	36	2
8508	36	2
8509	36	2
8510	36	2
8511	36	2
8512	36	2
8513	36	2
8514	36	2
8515	36	2
8516	36	2
8517	36	2
8518	36	2
8519	36	2
8520	36	2
8521	36	2
8522	36	2
8523	36	2
8524	36	2
8525	36	2
8526	36	2
8527	36	2
8528	36	2
8529	36	2
8530	36	2
8531	36	2
8532	36	2
8533	36	2
8534	36	2
8535	36	2
8536	36	2
8537	36	2
8538	36	2
8539	36	2
8540	36	2
8541	36	2
8542	36	2
8543	36	2
8544	36	2
8545	36	2
8546	36	2
8547	36	2
8548	36	2
8549	36	2
8550	36	2
8551	36	2
8552	36	2
8553	36	2
8554	36	2
8555	36	2
8556	36	2
8557	36	2
8558	36	2
8559	36	2
8560	36	2
8561	36	2
8562	36	2
8563	36	2
8564	36	2
8565	36	2
8566	36	2
8567	36	2
8568	36	2
8569	36	2
8570	36	2
8571	36	2
8572	36	2
8573	36	2
8574	36	2
8575	36	2
8576	36	2
8577	36	2
8578	36	2
8579	36	2
8580	36	2
8581	36	2
8582	36	2
8583	36	2
8584	36	2
8585	36	2
8586	36	2
8587	36	2
8588	36	2
8589	36	2
8590	36	2
8591	36	2
8592	36	2
8593	36	2
8594	36	2
8595	36	2
8596	36	2
8597	36	2
8598	36	2
8599	36	2
8600	36	2
8601	36	2
8602	36	2
8603	36	2
8604	36	2
8605	36	2
8606	36	2
8607	36	2
8608	36	2
8609	36	2
8610	36	2
8611	36	2
8612	36	2
8613	36	2
8614	36	2
8615	36	2
8616	36	2
8617	36	2
8618	36	2
8619	36	2
8620	36	2
8621	36	2
8622	36	2
8623	36	2
8624	36	2
8625	36	2
8626	36	2
8627	36	2
8628	36	2
8629	36	2
8630	36	2
8631	36	2
8632	36	2
8633	36	2
8634	36	2
8635	36	2
8636	36	2
8637	36	2
8638	36	2
8639	36	2
8640	36	2
8641	36	2
8642	36	2
8643	36	2
8644	36	2
8645	36	2
8646	36	2
8647	36	2
8648	36	2
8649	36	2
8650	36	2
8651	36	2
8652	36	2
8653	36	2
8654	36	2
8655	36	2
8656	36	2
8657	36	2
8658	36	2
8659	36	2
8660	36	2
8661	36	2
8662	36	2
8663	36	2
8664	36	2
8665	36	2
8666	36	2
8667	36	2
8668	36	2
8669	36	2
8670	36	2
8671	36	2
8672	36	2
8673	36	2
8674	36	2
8675	36	2
8676	36	2
8677	36	2
8678	36	2
8679	36	2
8680	36	2
8681	36	2
8682	36	2
8683	36	2
8684	36	2
8685	36	2
8686	36	2
8687	36	2
8688	36	2
8689	36	2
8690	36	2
8691	36	2
8692	36	2
8693	36	2
8694	36	2
8695	36	2
8696	36	2
8697	36	2
8698	36	2
8699	36	2
8700	36	2
8701	36	2
8702	36	2
8703	36	2
8704	36	2
8705	36	2
8706	36	2
8707	36	2
8708	36	2
8709	36	2
8710	36	2
8711	36	2
8712	36	2
8713	36	2
8714	36	2
8715	36	2
8716	36	2
8717	36	2
8718	36	2
8719	36	2
8720	36	2
8721	36	2
8722	36	2
8723	36	2
8724	36	2
8725	36	2
8726	36	2
8727	36	2
8728	36	2
8729	36	2
8730	36	2
8731	36	2
8732	36	2
8733	36	2
8734	36	2
8735	36	2
8736	36	2
8737	36	2
8738	36	2
8739	36	2
8740	36	3
8741	36	3
8742	36	3
8743	36	3
8744	36	3
8745	36	3
8746	36	3
8747	36	3
8748	36	3
8749	36	3
8750	36	3
8751	36	3
8752	36	3
8753	36	3
8754	36	3
8755	36	3
8756	36	3
8757	36	3
8758	36	3
8759	36	3
8760	36	3
8761	36	3
8762	36	3
8763	36	3
8764	36	3
8765	36	3
8766	36	3
8767	36	3
8768	36	3
8769	36	3
8770	36	3
8771	36	3
8772	36	3
8773	36	3
8774	36	3
8775	36	3
8776	36	3
8777	36	3
8778	36	3
8779	36	3
8780	36	3
8781	36	3
8782	36	3
8783	36	3
8784	36	3
8785	36	3
8786	36	3
8787	36	3
8788	36	3
8789	36	3
8790	36	3
8791	36	3
8792	36	3
8793	36	3
8794	36	3
8795	36	3
8796	36	3
8797	36	3
8798	36	3
8799	36	3
8800	36	3
8801	36	3
8802	36	3
8803	36	3
8804	36	3
8805	36	3
8806	36	3
8807	36	3
8808	36	3
8809	36	3
8810	36	3
8811	36	3
8812	36	3
8813	36	3
8814	36	3
8815	36	3
8816	36	3
8817	36	3
8818	36	3
8819	36	3
8820	36	3
8821	36	3
8822	36	3
8823	36	3
8824	36	3
8825	36	3
8826	36	3
8827	36	3
8828	36	3
8829	36	3
8830	36	3
8831	36	3
8832	36	3
8833	36	3
8834	36	3
8835	36	3
8836	36	3
8837	36	3
8838	36	3
8839	36	3
8840	36	3
8841	36	3
8842	36	3
8843	36	3
8844	36	3
8845	36	3
8846	36	3
8847	36	3
8848	36	3
8849	36	3
8850	36	3
8851	36	3
8852	36	3
8853	36	3
8854	36	3
8855	36	3
8856	36	3
8857	36	3
8858	36	3
8859	36	3
8860	36	3
8861	36	3
8862	36	3
8863	36	3
8864	36	3
8865	36	3
8866	36	3
8867	36	3
8868	36	3
8869	36	3
8870	36	3
8871	36	3
8872	36	3
8873	36	3
8874	36	3
8875	36	3
8876	36	3
8877	36	3
8878	36	3
8879	36	3
8880	36	3
8881	36	3
8882	36	3
8883	36	3
8884	36	3
8885	36	3
8886	36	3
8887	36	3
8888	36	3
8889	36	3
8890	36	3
8891	36	3
8892	36	3
8893	36	3
8894	36	3
8895	36	3
8896	36	3
8897	36	3
8898	36	3
8899	36	3
8900	36	3
8901	36	3
8902	36	3
8903	36	3
8904	36	3
8905	36	3
8906	36	3
8907	36	3
8908	36	3
8909	36	3
8910	36	3
8911	36	3
8912	36	3
8913	36	3
8914	36	3
8915	36	3
8916	36	3
8917	36	3
8918	36	3
8919	36	3
8920	36	3
8921	36	3
8922	36	3
8923	36	3
8924	36	3
8925	36	3
8926	36	3
8927	36	3
8928	36	3
8929	36	3
8930	36	3
8931	36	3
8932	36	3
8933	36	3
8934	36	3
8935	36	3
8936	36	3
8937	36	3
8938	36	3
8939	36	3
8940	36	3
8941	36	3
8942	36	3
8943	36	3
8944	36	3
8945	36	3
8946	36	3
8947	36	3
8948	36	3
8949	36	3
8950	36	3
8951	36	3
8952	36	3
8953	36	3
8954	36	3
8955	36	3
8956	36	3
8957	36	3
8958	36	3
8959	36	3
8960	36	3
8961	36	3
8962	36	3
8963	36	3
8964	36	3
8965	36	3
8966	36	3
8967	36	3
8968	36	3
8969	36	3
8970	36	3
8971	36	3
8972	36	3
8973	36	3
8974	36	3
8975	36	3
8976	36	3
8977	36	3
8978	36	3
8979	36	3
8980	36	3
8981	36	3
8982	36	3
8983	36	3
8984	36	3
8985	36	3
8986	36	3
8987	36	3
8988	36	3
8989	36	3
8990	36	3
8991	36	3
8992	36	3
8993	36	3
8994	36	3
8995	36	3
8996	36	3
8997	36	3
8998	36	3
8999	36	3
9000	36	3
9001	36	3
9002	36	3
9003	36	3
9004	36	3
9005	36	3
9006	36	3
9007	36	3
9008	36	3
9009	36	3
9010	36	3
9011	36	3
9012	36	3
9013	36	3
9014	36	3
9015	36	3
9016	36	3
9017	36	3
9018	36	3
9019	36	3
9020	36	3
9021	36	3
9022	36	3
9023	36	3
9024	36	3
9025	36	3
9026	36	3
9027	36	3
9028	36	3
9029	36	3
9030	36	3
9031	36	3
9032	36	3
9033	36	3
9034	36	3
9035	36	3
9036	36	3
9037	36	3
9038	36	3
9039	36	3
9040	36	3
9041	36	3
9042	36	3
9043	36	3
9044	36	3
9045	36	3
9046	36	3
9047	36	3
9048	36	3
9049	36	3
9050	36	3
9051	36	3
9052	36	3
9053	36	3
9054	36	3
9055	36	3
9056	36	3
9057	36	3
9058	36	3
9059	36	3
9060	36	3
9061	36	3
9062	36	3
9063	36	3
9064	36	3
9065	36	3
9066	36	3
9067	36	3
9068	36	3
9069	36	3
9070	36	3
9071	36	3
9072	36	3
9073	36	3
9074	36	3
9075	36	3
9076	36	3
9077	36	3
9078	36	3
9079	36	3
9080	36	3
9081	36	3
9082	36	3
9083	36	3
9084	36	3
9085	36	3
9086	36	3
9087	36	3
9088	36	3
9089	36	3
9090	36	3
9091	36	3
9092	36	3
9093	36	3
9094	36	3
9095	36	3
9096	36	3
9097	36	3
9098	36	3
9099	36	3
9100	36	3
9101	36	3
9102	36	3
9103	36	3
9104	36	3
9105	36	3
9106	36	3
9107	36	3
9108	36	3
9109	36	3
9110	36	3
9111	36	3
9112	36	3
9113	36	3
9114	36	3
9115	36	3
9116	36	3
9117	36	3
9118	36	3
9119	36	3
9120	36	3
9121	36	3
9122	36	3
9123	36	3
9124	36	3
9125	36	3
9126	36	3
9127	36	3
9128	36	3
9129	36	3
9130	36	3
9131	36	3
9132	36	3
9133	36	3
9134	36	3
9135	36	3
9136	36	3
9137	36	3
9138	36	3
9139	36	3
9140	36	3
9141	36	3
9142	36	3
9143	36	3
9144	36	3
9145	36	3
9146	36	3
9147	36	3
9148	36	3
9149	36	3
9150	36	3
9151	36	3
9152	36	3
9153	36	3
9154	36	3
9155	36	3
9156	36	3
9157	36	3
9158	36	3
9159	36	3
9160	36	3
9161	36	3
9162	36	3
9163	36	3
9164	36	3
9165	36	3
9166	36	3
9167	36	3
9168	36	3
9169	36	3
9170	36	3
9171	36	3
9172	36	3
9173	36	3
9174	36	3
9175	36	3
9176	36	3
9177	36	3
9178	36	3
9179	36	3
9180	36	3
9181	36	3
9182	36	3
9183	36	3
9184	36	3
9185	36	3
9186	36	3
9187	36	3
9188	36	3
9189	36	3
9190	36	3
9191	36	3
9192	36	3
9193	36	3
9194	36	3
9195	36	3
9196	36	3
9197	36	3
9198	36	3
9199	36	3
9200	36	3
9201	36	3
9202	36	3
9203	36	3
9204	36	3
9205	36	3
9206	36	3
9207	36	3
9208	36	3
9209	36	3
9210	36	3
9211	36	3
9212	36	3
9213	36	3
9214	36	3
9215	36	3
9216	36	3
9217	36	3
9218	36	3
9219	36	3
9220	36	3
9221	36	3
9222	36	3
9223	36	3
9224	36	3
9225	36	3
9226	36	3
9227	36	3
9228	36	3
9229	36	3
9230	36	3
9231	36	3
9232	36	3
9233	36	3
9234	36	3
9235	36	3
9236	36	3
9237	36	3
9238	36	3
9239	36	3
9240	36	3
9241	36	3
9242	36	3
9243	36	3
9244	36	3
9245	36	3
9246	36	3
9247	36	3
9248	36	3
9249	36	3
9250	36	3
9251	36	3
9252	36	3
9253	36	3
9254	36	3
9255	36	3
9256	36	3
9257	36	3
9258	36	3
9259	36	3
9260	36	3
9261	36	3
9262	36	3
9263	36	3
9264	36	3
9265	36	3
9266	36	3
9267	36	3
9268	36	3
9269	36	3
9270	36	3
9271	36	3
9272	36	3
9273	36	4
9274	36	4
9275	36	4
9276	36	4
9277	36	4
9278	36	4
9279	36	4
9280	36	4
9281	36	4
9282	36	4
9283	36	4
9284	36	4
9285	36	4
9286	36	4
9287	36	4
9288	36	4
9289	36	4
9290	36	4
9291	36	4
9292	36	4
9293	36	4
9294	36	4
9295	36	4
9296	36	4
9297	36	4
9298	36	4
9299	36	4
9300	36	4
9301	36	4
9302	36	4
9303	36	4
9304	36	4
9305	36	4
9306	36	4
9307	36	4
9308	36	4
9309	36	4
9310	36	4
9311	36	4
9312	36	4
9313	36	4
9314	36	4
9315	36	4
9316	36	4
9317	36	4
9318	36	4
9319	36	4
9320	36	4
9321	36	4
9322	36	4
9323	36	4
9324	36	4
9325	36	4
9326	36	4
9327	36	4
9328	36	4
9329	36	4
9330	36	4
9331	36	4
9332	36	4
9333	36	4
9334	36	4
9335	36	4
9336	36	4
9337	36	4
9338	36	4
9339	36	4
9340	36	4
9341	36	4
9342	36	4
9343	36	4
9344	36	4
9345	36	4
9346	36	4
9347	36	4
9348	36	4
9349	36	4
9350	36	4
9351	36	4
9352	36	4
9353	36	4
9354	36	4
9355	36	4
9356	36	4
9357	36	4
9358	36	4
9359	36	4
9360	36	4
9361	36	4
9362	36	4
9363	36	4
9364	36	4
9365	36	4
9366	36	4
9367	36	4
9368	36	4
9369	36	4
9370	36	4
9371	36	4
9372	36	4
9373	36	4
9374	36	4
9375	36	4
9376	36	4
9377	36	4
9378	36	4
9379	36	4
9380	36	4
9381	36	4
9382	36	4
9383	36	4
9384	36	4
9385	36	4
9386	36	4
9387	36	4
9388	36	4
9389	36	4
9390	36	4
9391	36	4
9392	36	4
9393	36	4
9394	36	4
9395	36	4
9396	36	4
9397	36	4
9398	36	4
9399	36	4
9400	36	4
9401	36	4
9402	36	4
9403	36	4
9404	36	4
9405	36	4
9406	36	4
9407	36	4
9408	36	4
9409	36	4
9410	36	4
9411	36	4
9412	36	4
9413	36	4
9414	36	4
9415	36	4
9416	36	4
9417	36	4
9418	36	4
9419	36	4
9420	36	4
9421	36	4
9422	36	4
9423	36	4
9424	36	4
9425	36	4
9426	36	4
9427	36	4
9428	36	4
9429	36	4
9430	36	4
9431	36	4
9432	36	4
9433	36	4
9434	36	4
9435	36	4
9436	36	4
9437	36	4
9438	36	4
9439	36	4
9440	36	4
9441	36	4
9442	36	4
9443	36	4
9444	36	4
9445	36	4
9446	36	4
9447	36	4
9448	36	4
9449	36	4
9450	36	4
9451	36	4
9452	36	4
9453	36	4
9454	36	4
9455	36	4
9456	36	4
9457	36	4
9458	36	4
9459	36	4
9460	36	4
9461	36	4
9462	36	4
9463	36	4
9464	36	4
9465	36	4
9466	36	4
9467	36	4
9468	36	4
9469	36	4
9470	36	4
9471	36	4
9472	36	4
9473	36	4
9474	36	4
9475	36	4
9476	36	4
9477	36	4
9478	36	4
9479	36	4
9480	36	4
9481	36	4
9482	36	4
9483	36	4
9484	36	4
9485	36	4
9486	36	4
9487	36	4
9488	36	4
9489	36	4
9490	36	4
9491	36	4
9492	36	4
9493	36	4
9494	36	4
9495	36	4
9496	36	4
9497	36	4
9498	36	4
9499	36	4
9500	36	4
9501	36	4
9502	36	4
9503	36	4
9504	36	4
9505	36	4
9506	36	4
9507	36	4
9508	36	4
9509	36	4
9510	36	4
9511	36	4
9512	36	4
9513	36	4
9514	36	4
9515	36	4
9516	36	4
9517	36	4
9518	36	4
9519	36	4
9520	36	4
9521	36	4
9522	36	4
9523	36	4
9524	36	4
9525	36	4
9526	36	4
9527	36	4
9528	36	4
9529	36	4
9530	36	4
9531	36	4
9532	36	4
9533	36	4
9534	36	4
9535	36	4
9536	36	4
9537	36	4
9538	36	4
9539	37	4
9540	37	4
9541	37	4
9542	37	4
9543	37	4
9544	37	4
9545	37	4
9546	37	4
9547	37	4
9548	37	4
9549	37	4
9550	37	4
9551	37	4
9552	37	4
9553	37	4
9554	37	5
