# Clock	In Chain	On Target
1	0	0
2	0	0
3	0	0
4	0	0
5	0	0
6	0	0
7	0	0
8	0	0
9	0	0
10	0	0
11	0	0
12	0	0
13	0	0
14	0	0
15	0	0
16	0	0
17	0	0
18	0	0
19	0	0
20	0	0
21	0	0
22	0	0
23	0	0
24	0	0
25	0	0
26	0	0
27	0	0
28	0	0
29	0	0
30	0	0
31	0	0
32	0	0
33	0	0
34	0	0
35	0	0
36	0	0
37	0	0
38	0	0
39	0	0
40	0	0
41	0	0
42	0	0
43	0	0
44	0	0
45	0	0
46	0	0
47	0	0
48	0	0
49	0	0
50	0	0
51	0	0
52	0	0
53	0	0
54	0	0
55	0	0
56	0	0
57	0	0
58	0	0
59	0	0
60	0	0
61	0	0
62	0	0
63	0	0
64	0	0
65	0	0
66	0	0
67	0	0
68	0	0
69	0	0
70	0	0
71	0	0
72	0	0
73	0	0
74	0	0
75	0	0
76	0	0
77	0	0
78	0	0
79	0	0
80	0	0
81	0	0
82	0	0
83	0	0
84	0	0
85	0	0
86	0	0
87	0	0
88	0	0
89	0	0
90	0	0
91	0	0
92	0	0
93	0	0
94	0	0
95	0	0
96	0	0
97	0	0
98	0	0
99	0	0
100	0	0
101	0	0
102	0	0
103	0	0
104	0	0
105	0	0
106	0	0
107	0	0
108	0	0
109	0	0
110	0	0
111	0	0
112	0	0
113	0	0
114	0	0
115	0	0
116	0	0
117	0	0
118	0	0
119	0	0
120	0	0
121	0	0
122	0	0
123	0	0
124	0	0
125	0	0
126	0	0
127	0	0
128	0	0
129	0	0
130	0	0
131	0	0
132	0	0
133	0	0
134	0	0
135	0	0
136	0	0
137	0	0
138	0	0
139	0	0
140	0	0
141	0	0
142	0	0
143	0	0
144	0	0
145	0	0
146	0	0
147	0	0
148	0	0
149	0	0
150	0	0
151	0	0
152	0	0
153	0	0
154	0	0
155	0	0
156	0	0
157	0	0
158	0	0
159	0	0
160	0	0
161	0	0
162	0	0
163	0	0
164	0	0
165	0	0
166	0	0
167	0	0
168	0	0
169	0	0
170	0	0
171	0	0
172	0	0
173	0	0
174	0	0
175	0	0
176	0	0
177	0	0
178	0	0
179	0	0
180	0	0
181	0	0
182	0	0
183	0	0
184	0	0
185	0	0
186	0	0
187	0	0
188	0	0
189	0	0
190	0	0
191	0	0
192	0	0
193	0	0
194	0	0
195	0	0
196	0	0
197	0	0
198	0	0
199	0	0
200	0	0
201	0	0
202	0	0
203	0	0
204	0	0
205	0	0
206	0	0
207	0	0
208	0	0
209	0	0
210	0	0
211	0	0
212	0	0
213	0	0
214	0	0
215	0	0
216	0	0
217	0	0
218	0	0
219	0	0
220	0	0
221	0	0
222	0	0
223	0	0
224	0	0
225	0	0
226	0	0
227	0	0
228	0	0
229	0	0
230	0	0
231	0	0
232	0	0
233	0	0
234	0	0
235	0	0
236	0	0
237	0	0
238	0	0
239	0	0
240	0	0
241	0	0
242	0	0
243	0	0
244	0	0
245	0	0
246	0	0
247	0	0
248	0	0
249	0	0
250	0	0
251	0	0
252	0	0
253	0	0
254	0	0
255	0	0
256	0	0
257	0	0
258	0	0
259	0	0
260	0	0
261	0	0
262	0	0
263	0	0
264	0	0
265	0	0
266	0	0
267	0	0
268	0	0
269	0	0
270	0	0
271	0	0
272	0	0
273	0	0
274	0	0
275	0	0
276	0	0
277	0	0
278	0	0
279	0	0
280	0	0
281	0	0
282	0	0
283	0	0
284	0	0
285	0	0
286	0	0
287	0	0
288	0	0
289	0	0
290	0	0
291	0	0
292	0	0
293	0	0
294	0	0
295	0	0
296	0	0
297	0	0
298	0	0
299	0	0
300	0	0
301	0	0
302	0	0
303	0	0
304	0	0
305	0	0
306	0	0
307	0	0
308	0	0
309	0	0
310	0	0
311	0	0
312	0	0
313	0	0
314	0	0
315	0	0
316	0	0
317	0	0
318	0	0
319	0	0
320	0	0
321	0	0
322	0	0
323	0	0
324	0	0
325	0	0
326	0	0
327	0	0
328	0	0
329	0	0
330	0	0
331	0	0
332	0	0
333	0	0
334	0	0
335	0	0
336	0	0
337	0	0
338	0	0
339	0	0
340	0	0
341	0	0
342	0	0
343	0	0
344	0	0
345	0	0
346	0	0
347	0	0
348	0	0
349	0	0
350	0	0
351	0	0
352	0	0
353	0	0
354	0	0
355	0	0
356	0	0
357	0	0
358	0	0
359	0	0
360	0	0
361	0	0
362	0	0
363	0	0
364	0	0
365	0	0
366	0	0
367	0	0
368	0	0
369	0	0
370	0	0
371	0	0
372	0	0
373	0	0
374	0	0
375	0	0
376	0	0
377	0	0
378	0	0
379	0	0
380	0	0
381	0	0
382	0	0
383	0	0
384	0	0
385	0	0
386	0	0
387	0	0
388	0	0
389	0	0
390	0	0
391	0	0
392	0	0
393	0	0
394	0	0
395	0	0
396	0	0
397	0	0
398	0	0
399	0	0
400	0	0
401	0	0
402	0	0
403	0	0
404	0	0
405	0	0
406	0	0
407	0	0
408	0	0
409	0	0
410	0	0
411	0	0
412	0	0
413	0	0
414	0	0
415	0	0
416	0	0
417	0	0
418	0	0
419	0	0
420	0	0
421	0	0
422	0	0
423	0	0
424	0	0
425	0	0
426	0	0
427	0	0
428	0	0
429	0	0
430	0	0
431	0	0
432	0	0
433	0	0
434	0	0
435	0	0
436	0	0
437	0	0
438	0	0
439	0	0
440	0	0
441	0	0
442	0	0
443	0	0
444	0	0
445	0	0
446	0	0
447	0	0
448	0	0
449	0	0
450	0	0
451	0	0
452	0	0
453	0	0
454	0	0
455	0	0
456	0	0
457	0	0
458	0	0
459	0	0
460	0	0
461	0	0
462	0	0
463	0	0
464	0	0
465	0	0
466	0	0
467	0	0
468	0	0
469	0	0
470	0	0
471	0	0
472	0	0
473	0	0
474	0	0
475	0	0
476	0	0
477	0	0
478	0	0
479	0	0
480	0	0
481	0	0
482	0	0
483	0	0
484	0	0
485	0	0
486	0	0
487	0	0
488	0	0
489	0	0
490	0	0
491	0	0
492	0	0
493	0	0
494	0	0
495	0	0
496	0	0
497	0	0
498	0	0
499	0	0
500	0	0
501	0	0
502	0	0
503	0	0
504	0	0
505	0	0
506	0	0
507	0	0
508	0	0
509	0	0
510	0	0
511	0	0
512	0	0
513	0	0
514	0	0
515	0	0
516	0	0
517	0	0
518	0	0
519	0	0
520	0	0
521	0	0
522	0	0
523	0	0
524	0	0
525	0	0
526	0	0
527	0	0
528	0	0
529	0	0
530	0	0
531	0	0
532	0	0
533	0	0
534	0	0
535	0	0
536	0	0
537	0	0
538	0	0
539	0	0
540	0	0
541	0	0
542	0	0
543	0	0
544	0	0
545	0	0
546	0	0
547	0	0
548	0	0
549	0	0
550	0	0
551	0	0
552	0	0
553	0	0
554	0	0
555	0	0
556	0	0
557	0	0
558	0	0
559	0	0
560	0	0
561	0	0
562	0	0
563	0	0
564	0	0
565	0	0
566	0	0
567	0	0
568	0	0
569	0	0
570	0	0
571	0	0
572	0	0
573	0	0
574	0	0
575	0	0
576	0	0
577	0	0
578	0	0
579	0	0
580	0	0
581	0	0
582	0	0
583	0	0
584	0	0
585	0	0
586	0	0
587	0	0
588	0	0
589	0	0
590	0	0
591	0	0
592	0	0
593	0	0
594	0	0
595	0	0
596	0	0
597	0	0
598	0	0
599	0	0
600	0	0
601	0	0
602	0	0
603	0	0
604	0	0
605	0	0
606	0	0
607	0	0
608	0	0
609	0	0
610	0	0
611	0	0
612	0	0
613	0	0
614	0	0
615	0	0
616	0	0
617	0	0
618	0	0
619	0	0
620	0	0
621	0	0
622	0	0
623	0	0
624	0	0
625	0	0
626	0	0
627	0	0
628	0	0
629	0	0
630	0	0
631	0	0
632	0	0
633	0	0
634	0	0
635	0	0
636	0	0
637	0	0
638	0	0
639	0	0
640	0	0
641	0	0
642	0	0
643	0	0
644	0	0
645	0	0
646	0	0
647	0	0
648	0	0
649	0	0
650	0	0
651	0	0
652	0	0
653	0	0
654	0	0
655	0	0
656	0	0
657	0	0
658	0	0
659	0	0
660	0	0
661	0	0
662	0	0
663	0	0
664	0	0
665	0	0
666	0	0
667	0	0
668	0	0
669	0	0
670	0	0
671	0	0
672	0	0
673	0	0
674	0	0
675	0	0
676	0	0
677	0	0
678	0	0
679	0	0
680	0	0
681	0	0
682	0	0
683	0	0
684	0	0
685	0	0
686	0	0
687	0	0
688	0	0
689	0	0
690	0	0
691	0	0
692	0	0
693	0	0
694	0	0
695	0	0
696	0	0
697	0	0
698	0	0
699	0	0
700	0	0
701	0	0
702	0	0
703	0	0
704	0	0
705	0	0
706	0	0
707	0	0
708	0	0
709	0	0
710	1	0
711	1	0
712	1	0
713	1	0
714	1	0
715	1	0
716	1	0
717	1	0
718	1	0
719	1	0
720	1	0
721	1	0
722	1	0
723	1	0
724	1	0
725	1	0
726	1	0
727	1	0
728	1	0
729	1	0
730	1	0
731	1	0
732	1	0
733	1	0
734	1	0
735	1	0
736	1	0
737	1	0
738	1	0
739	1	0
740	1	0
741	1	0
742	2	0
743	2	0
744	2	0
745	2	0
746	2	0
747	2	0
748	2	0
749	2	0
750	2	0
751	2	0
752	2	0
753	2	0
754	2	0
755	2	0
756	2	0
757	2	0
758	2	0
759	2	0
760	2	0
761	2	0
762	2	0
763	2	0
764	2	0
765	2	0
766	2	0
767	2	0
768	2	0
769	2	0
770	2	0
771	2	0
772	2	0
773	2	0
774	2	0
775	2	0
776	2	0
777	2	0
778	2	0
779	2	0
780	2	0
781	2	0
782	2	0
783	2	0
784	2	0
785	2	0
786	2	0
787	2	0
788	2	0
789	2	0
790	2	0
791	2	0
792	2	0
793	2	0
794	2	0
795	2	0
796	2	0
797	2	0
798	2	0
799	2	0
800	2	0
801	2	0
802	2	0
803	2	0
804	2	0
805	2	0
806	2	0
807	2	0
808	2	0
809	2	0
810	2	0
811	2	0
812	2	0
813	2	0
814	2	0
815	2	0
816	2	0
817	2	0
818	2	0
819	2	0
820	2	0
821	2	0
822	2	0
823	2	0
824	2	0
825	2	0
826	2	0
827	2	0
828	2	0
829	2	0
830	2	0
831	2	0
832	2	0
833	2	0
834	2	0
835	2	0
836	2	0
837	2	0
838	2	0
839	2	0
840	2	0
841	2	0
842	2	0
843	2	0
844	2	0
845	2	0
846	2	0
847	2	0
848	2	0
849	2	0
850	2	0
851	2	0
852	2	0
853	2	0
854	2	0
855	2	0
856	2	0
857	2	0
858	2	0
859	2	0
860	2	0
861	2	0
862	2	0
863	2	0
864	2	0
865	2	0
866	2	0
867	2	0
868	2	0
869	2	0
870	2	0
871	2	0
872	2	0
873	2	0
874	2	0
875	2	0
876	2	0
877	2	0
878	2	0
879	2	0
880	2	0
881	2	0
882	2	0
883	2	0
884	2	0
885	2	0
886	2	0
887	2	0
888	2	0
889	2	0
890	2	0
891	2	0
892	2	0
893	2	0
894	2	0
895	2	0
896	2	0
897	2	0
898	2	0
899	2	0
900	2	0
901	2	0
902	2	0
903	2	0
904	2	0
905	2	0
906	2	0
907	2	0
908	2	0
909	2	0
910	2	0
911	2	0
912	2	0
913	2	0
914	2	0
915	2	0
916	2	0
917	2	0
918	2	0
919	2	0
920	2	0
921	2	0
922	2	0
923	2	0
924	2	0
925	2	0
926	2	0
927	2	0
928	2	0
929	2	0
930	2	0
931	2	0
932	2	0
933	2	0
934	2	0
935	2	0
936	2	0
937	2	0
938	2	0
939	2	0
940	2	0
941	2	0
942	2	0
943	2	0
944	2	0
945	2	0
946	2	0
947	2	0
948	2	0
949	2	0
950	2	0
951	2	0
952	2	0
953	2	0
954	2	0
955	2	0
956	2	0
957	2	0
958	2	0
959	2	0
960	2	0
961	2	0
962	2	0
963	2	0
964	2	0
965	2	0
966	2	0
967	2	0
968	2	0
969	2	0
970	2	0
971	2	0
972	2	0
973	2	0
974	2	0
975	2	0
976	2	0
977	2	0
978	2	0
979	2	0
980	2	0
981	2	0
982	2	0
983	2	0
984	2	0
985	2	0
986	2	0
987	2	0
988	2	0
989	2	0
990	2	0
991	2	0
992	2	0
993	2	0
994	2	0
995	2	0
996	2	0
997	2	0
998	2	0
999	2	0
1000	2	0
1001	2	0
1002	2	0
1003	2	0
1004	2	0
1005	2	0
1006	2	0
1007	2	0
1008	2	0
1009	2	0
1010	2	0
1011	2	0
1012	2	0
1013	2	0
1014	2	0
1015	2	0
1016	2	0
1017	2	0
1018	2	0
1019	2	0
1020	2	0
1021	2	0
1022	2	0
1023	2	0
1024	2	0
1025	2	0
1026	2	0
1027	2	0
1028	2	0
1029	2	0
1030	2	0
1031	2	0
1032	2	0
1033	2	0
1034	2	0
1035	2	0
1036	2	0
1037	2	0
1038	2	0
1039	2	0
1040	2	0
1041	2	0
1042	2	0
1043	2	0
1044	2	0
1045	2	0
1046	2	0
1047	2	0
1048	2	0
1049	2	0
1050	2	0
1051	2	0
1052	2	0
1053	2	0
1054	2	0
1055	2	0
1056	2	0
1057	2	0
1058	2	0
1059	2	0
1060	2	0
1061	2	0
1062	2	0
1063	2	0
1064	2	0
1065	2	0
1066	2	0
1067	2	0
1068	2	0
1069	2	0
1070	2	0
1071	2	0
1072	2	0
1073	2	0
1074	2	0
1075	2	0
1076	2	0
1077	2	0
1078	2	0
1079	2	0
1080	2	0
1081	2	0
1082	2	0
1083	2	0
1084	2	0
1085	2	0
1086	2	0
1087	2	0
1088	2	0
1089	2	0
1090	2	0
1091	2	0
1092	2	0
1093	2	0
1094	2	0
1095	2	0
1096	2	0
1097	2	0
1098	2	0
1099	2	0
1100	2	0
1101	2	0
1102	2	0
1103	2	0
1104	2	0
1105	2	0
1106	2	0
1107	2	0
1108	2	0
1109	2	0
1110	2	0
1111	2	0
1112	2	0
1113	2	0
1114	2	0
1115	2	0
1116	2	0
1117	2	0
1118	2	0
1119	2	0
1120	2	0
1121	2	0
1122	2	0
1123	2	0
1124	2	0
1125	2	0
1126	2	0
1127	2	0
1128	2	0
1129	2	0
1130	2	0
1131	2	0
1132	2	0
1133	2	0
1134	2	0
1135	2	0
1136	2	0
1137	2	0
1138	2	0
1139	2	0
1140	2	0
1141	3	0
1142	3	0
1143	3	0
1144	3	0
1145	3	0
1146	3	0
1147	3	0
1148	3	0
1149	3	0
1150	3	0
1151	3	0
1152	3	0
1153	3	0
1154	3	0
1155	3	0
1156	3	0
1157	3	0
1158	3	0
1159	3	0
1160	3	0
1161	3	0
1162	3	0
1163	3	0
1164	3	0
1165	3	0
1166	3	0
1167	3	0
1168	3	0
1169	3	0
1170	3	0
1171	3	0
1172	3	0
1173	3	0
1174	3	0
1175	3	0
1176	3	0
1177	3	0
1178	3	0
1179	3	0
1180	3	0
1181	3	0
1182	3	0
1183	3	0
1184	3	0
1185	3	0
1186	3	0
1187	3	0
1188	3	0
1189	3	0
1190	3	0
1191	3	0
1192	3	0
1193	3	0
1194	3	0
1195	3	0
1196	3	0
1197	3	0
1198	3	0
1199	3	0
1200	3	0
1201	3	0
1202	3	0
1203	3	0
1204	3	0
1205	3	0
1206	3	0
1207	3	0
1208	3	0
1209	3	0
1210	3	0
1211	3	0
1212	3	0
1213	3	0
1214	3	0
1215	3	0
1216	3	0
1217	3	0
1218	3	0
1219	3	0
1220	3	0
1221	3	0
1222	3	0
1223	3	0
1224	3	0
1225	3	0
1226	3	0
1227	3	0
1228	3	0
1229	3	0
1230	3	0
1231	3	0
1232	3	0
1233	3	0
1234	3	0
1235	3	0
1236	3	0
1237	3	0
1238	3	0
1239	3	0
1240	3	0
1241	3	0
1242	3	0
1243	3	0
1244	3	0
1245	3	0
1246	3	0
1247	3	0
1248	3	0
1249	3	0
1250	3	0
1251	3	0
1252	3	0
1253	3	0
1254	3	0
1255	3	0
1256	3	0
1257	3	0
1258	3	0
1259	3	0
1260	3	0
1261	3	0
1262	3	0
1263	3	0
1264	3	0
1265	3	0
1266	3	0
1267	3	0
1268	3	0
1269	3	0
1270	3	0
1271	3	0
1272	3	0
1273	3	0
1274	3	0
1275	3	0
1276	3	0
1277	3	0
1278	3	0
1279	3	0
1280	3	0
1281	3	0
1282	3	0
1283	3	0
1284	3	0
1285	3	0
1286	3	0
1287	3	0
1288	3	0
1289	3	0
1290	3	0
1291	3	0
1292	3	0
1293	3	0
1294	3	0
1295	3	0
1296	3	0
1297	3	0
1298	3	0
1299	3	0
1300	3	0
1301	3	0
1302	3	0
1303	3	0
1304	3	0
1305	3	0
1306	3	0
1307	3	0
1308	3	0
1309	3	0
1310	3	0
1311	3	0
1312	3	0
1313	3	0
1314	3	0
1315	3	0
1316	3	0
1317	3	0
1318	3	0
1319	3	0
1320	3	0
1321	3	0
1322	3	0
1323	3	0
1324	3	0
1325	3	0
1326	3	0
1327	3	0
1328	3	0
1329	3	0
1330	3	0
1331	3	0
1332	3	0
1333	3	0
1334	3	0
1335	3	0
1336	3	0
1337	3	0
1338	3	0
1339	3	0
1340	3	0
1341	3	0
1342	3	0
1343	3	0
1344	3	0
1345	3	0
1346	3	0
1347	3	0
1348	3	0
1349	3	0
1350	3	0
1351	3	0
1352	3	0
1353	3	0
1354	3	0
1355	3	0
1356	3	0
1357	3	0
1358	3	0
1359	3	0
1360	3	0
1361	3	0
1362	3	0
1363	3	0
1364	3	0
1365	3	0
1366	3	0
1367	3	0
1368	3	0
1369	3	0
1370	3	0
1371	3	0
1372	3	0
1373	3	0
1374	3	0
1375	3	0
1376	3	0
1377	3	0
1378	3	0
1379	3	0
1380	3	0
1381	3	0
1382	3	0
1383	3	0
1384	3	0
1385	3	0
1386	3	0
1387	3	0
1388	3	0
1389	3	0
1390	3	0
1391	3	0
1392	3	0
1393	3	0
1394	3	0
1395	3	0
1396	3	0
1397	3	0
1398	3	0
1399	3	0
1400	3	0
1401	3	0
1402	3	0
1403	3	0
1404	3	0
1405	3	0
1406	3	0
1407	3	0
1408	3	0
1409	3	0
1410	3	0
1411	3	0
1412	3	0
1413	3	0
1414	3	0
1415	3	0
1416	3	0
1417	3	0
1418	3	0
1419	3	0
1420	3	0
1421	3	0
1422	3	0
1423	3	0
1424	3	0
1425	3	0
1426	3	0
1427	3	0
1428	3	0
1429	3	0
1430	3	0
1431	3	0
1432	3	0
1433	3	0
1434	3	0
1435	3	0
1436	3	0
1437	3	0
1438	3	0
1439	3	0
1440	3	0
1441	3	0
1442	3	0
1443	3	0
1444	3	0
1445	3	0
1446	3	0
1447	3	0
1448	3	0
1449	3	0
1450	3	0
1451	3	0
1452	3	0
1453	3	0
1454	3	0
1455	3	0
1456	3	0
1457	3	0
1458	3	0
1459	3	0
1460	3	0
1461	3	0
1462	3	0
1463	3	0
1464	3	0
1465	3	0
1466	3	0
1467	3	0
1468	3	0
1469	3	0
1470	3	0
1471	3	0
1472	3	0
1473	3	0
1474	3	0
1475	3	0
1476	3	0
1477	3	0
1478	3	0
1479	3	0
1480	3	0
1481	3	0
1482	3	0
1483	3	0
1484	3	0
1485	3	0
1486	3	0
1487	3	0
1488	3	0
1489	3	0
1490	3	0
1491	3	0
1492	3	0
1493	3	0
1494	3	0
1495	3	0
1496	3	0
1497	3	0
1498	3	0
1499	3	0
1500	3	0
1501	3	0
1502	3	0
1503	3	0
1504	3	0
1505	3	0
1506	3	0
1507	3	0
1508	3	0
1509	3	0
1510	3	0
1511	3	0
1512	3	0
1513	3	0
1514	3	0
1515	3	0
1516	4	0
1517	4	0
1518	4	0
1519	4	0
1520	4	0
1521	4	0
1522	4	0
1523	4	0
1524	4	0
1525	4	0
1526	4	0
1527	4	0
1528	4	0
1529	4	0
1530	4	0
1531	4	0
1532	4	0
1533	4	0
1534	5	0
1535	5	0
1536	5	0
1537	5	0
1538	5	0
1539	5	0
1540	5	0
1541	5	0
1542	5	0
1543	5	0
1544	5	0
1545	5	0
1546	5	0
1547	5	0
1548	5	0
1549	5	0
1550	5	0
1551	5	0
1552	5	0
1553	5	0
1554	5	0
1555	5	0
1556	5	0
1557	5	0
1558	5	0
1559	5	0
1560	5	0
1561	5	0
1562	5	0
1563	5	0
1564	5	0
1565	5	0
1566	5	0
1567	5	0
1568	5	0
1569	5	0
1570	5	0
1571	5	0
1572	5	0
1573	5	0
1574	5	0
1575	5	0
1576	5	0
1577	5	0
1578	5	0
1579	5	0
1580	5	0
1581	5	0
1582	5	0
1583	5	0
1584	5	0
1585	5	0
1586	5	0
1587	5	0
1588	5	0
1589	5	0
1590	5	0
1591	5	0
1592	5	0
1593	5	0
1594	5	0
1595	5	0
1596	5	0
1597	5	0
1598	5	0
1599	5	0
1600	5	0
1601	5	0
1602	5	0
1603	5	0
1604	5	0
1605	5	0
1606	5	0
1607	5	0
1608	5	0
1609	5	0
1610	5	0
1611	5	0
1612	5	0
1613	5	0
1614	5	0
1615	5	0
1616	5	0
1617	5	0
1618	5	0
1619	5	0
1620	5	0
1621	5	0
1622	5	0
1623	5	0
1624	5	0
1625	5	0
1626	5	0
1627	5	0
1628	5	0
1629	5	0
1630	5	0
1631	5	0
1632	5	0
1633	5	0
1634	5	0
1635	5	0
1636	5	0
1637	5	0
1638	5	0
1639	5	0
1640	5	0
1641	5	0
1642	5	0
1643	5	0
1644	5	0
1645	5	0
1646	5	0
1647	5	0
1648	5	0
1649	5	0
1650	5	0
1651	5	0
1652	5	0
1653	5	0
1654	5	0
1655	5	0
1656	5	0
1657	5	0
1658	5	0
1659	5	0
1660	5	0
1661	5	0
1662	5	0
1663	5	0
1664	5	0
1665	5	0
1666	5	0
1667	5	0
1668	5	0
1669	5	0
1670	5	0
1671	5	0
1672	5	0
1673	5	0
1674	5	0
1675	5	0
1676	5	0
1677	5	0
1678	5	0
1679	5	0
1680	5	0
1681	5	0
1682	5	0
1683	5	0
1684	5	0
1685	5	0
1686	5	0
1687	5	0
1688	5	0
1689	5	0
1690	5	0
1691	5	0
1692	5	0
1693	5	0
1694	5	0
1695	5	0
1696	5	0
1697	5	0
1698	5	0
1699	5	0
1700	5	0
1701	5	0
1702	5	0
1703	5	0
1704	5	0
1705	5	0
1706	5	0
1707	5	0
1708	5	0
1709	5	0
1710	5	0
1711	5	0
1712	5	0
1713	5	0
1714	5	0
1715	5	0
1716	5	0
1717	5	0
1718	5	0
1719	5	0
1720	5	0
1721	5	0
1722	5	0
1723	5	0
1724	5	0
1725	5	0
1726	5	0
1727	5	0
1728	5	0
1729	5	0
1730	5	0
1731	5	0
1732	5	0
1733	5	0
1734	5	0
1735	5	0
1736	5	0
1737	5	0
1738	5	0
1739	5	0
1740	5	0
1741	5	0
1742	5	0
1743	5	0
1744	5	0
1745	5	0
1746	5	0
1747	5	0
1748	5	0
1749	5	0
1750	5	0
1751	5	0
1752	5	0
1753	5	0
1754	5	0
1755	5	0
1756	5	0
1757	5	0
1758	5	0
1759	5	0
1760	5	0
1761	5	0
1762	5	0
1763	5	0
1764	5	0
1765	5	0
1766	5	0
1767	5	0
1768	5	0
1769	5	0
1770	5	0
1771	5	0
1772	5	0
1773	5	0
1774	5	0
1775	5	0
1776	5	0
1777	5	0
1778	5	0
1779	5	0
1780	5	0
1781	5	0
1782	5	0
1783	5	0
1784	5	0
1785	5	0
1786	5	0
1787	5	0
1788	5	0
1789	5	0
1790	5	0
1791	5	0
1792	5	0
1793	5	0
1794	5	0
1795	5	0
1796	5	0
1797	5	0
1798	5	0
1799	5	0
1800	5	0
1801	5	0
1802	5	0
1803	5	0
1804	5	0
1805	5	0
1806	5	0
1807	5	0
1808	5	0
1809	5	0
1810	5	0
1811	5	0
1812	5	0
1813	5	0
1814	5	0
1815	5	0
1816	5	0
1817	5	0
1818	5	0
1819	5	0
1820	5	0
1821	5	0
1822	5	0
1823	5	0
1824	5	0
1825	5	0
1826	5	0
1827	5	0
1828	5	0
1829	5	0
1830	5	0
1831	5	0
1832	5	0
1833	5	0
1834	5	0
1835	5	0
1836	5	0
1837	5	0
1838	5	0
1839	5	0
1840	5	0
1841	5	0
1842	5	0
1843	5	0
1844	5	0
1845	5	0
1846	5	0
1847	5	0
1848	5	0
1849	5	0
1850	5	0
1851	5	0
1852	5	0
1853	5	0
1854	5	0
1855	5	0
1856	5	0
1857	5	0
1858	5	0
1859	5	0
1860	5	0
1861	5	0
1862	5	0
1863	5	0
1864	5	0
1865	5	0
1866	5	0
1867	5	0
1868	5	0
1869	5	0
1870	5	0
1871	5	0
1872	5	0
1873	5	0
1874	5	0
1875	5	0
1876	5	0
1877	5	0
1878	5	0
1879	5	0
1880	5	0
1881	5	0
1882	5	0
1883	5	0
1884	5	0
1885	5	0
1886	5	0
1887	5	0
1888	5	0
1889	5	0
1890	5	0
1891	5	0
1892	5	0
1893	5	0
1894	5	0
1895	5	0
1896	5	0
1897	5	0
1898	5	0
1899	5	0
1900	5	0
1901	5	0
1902	5	0
1903	5	0
1904	5	0
1905	5	0
1906	5	0
1907	5	0
1908	5	0
1909	5	0
1910	5	0
1911	5	0
1912	5	0
1913	5	0
1914	5	0
1915	5	0
1916	5	0
1917	5	0
1918	5	0
1919	5	0
1920	5	0
1921	5	0
1922	5	0
1923	5	0
1924	5	0
1925	5	0
1926	5	0
1927	5	0
1928	5	0
1929	5	0
1930	5	0
1931	5	0
1932	5	0
1933	5	0
1934	5	0
1935	5	0
1936	5	0
1937	5	0
1938	5	0
1939	5	0
1940	5	0
1941	5	0
1942	5	0
1943	5	0
1944	5	0
1945	5	0
1946	5	0
1947	5	0
1948	5	0
1949	5	0
1950	5	0
1951	5	0
1952	5	0
1953	5	0
1954	5	0
1955	5	0
1956	5	0
1957	5	0
1958	5	0
1959	5	0
1960	5	0
1961	5	0
1962	5	0
1963	5	0
1964	5	0
1965	5	0
1966	5	0
1967	5	0
1968	5	0
1969	5	0
1970	5	0
1971	5	0
1972	5	0
1973	5	0
1974	5	0
1975	5	0
1976	5	0
1977	5	0
1978	5	0
1979	5	0
1980	5	0
1981	5	0
1982	5	0
1983	5	0
1984	5	0
1985	5	0
1986	5	0
1987	5	0
1988	5	0
1989	5	0
1990	5	0
1991	5	0
1992	5	0
1993	5	0
1994	5	0
1995	5	0
1996	5	0
1997	5	0
1998	5	0
1999	5	0
2000	5	0
2001	5	0
2002	5	0
2003	5	0
2004	5	0
2005	5	0
2006	5	0
2007	5	0
2008	5	0
2009	5	0
2010	5	0
2011	5	0
2012	5	0
2013	5	0
2014	5	0
2015	5	0
2016	5	0
2017	5	0
2018	5	0
2019	5	0
2020	5	0
2021	5	0
2022	5	0
2023	5	0
2024	5	0
2025	5	0
2026	5	0
2027	5	0
2028	5	0
2029	5	0
2030	5	0
2031	5	0
2032	5	0
2033	5	0
2034	5	0
2035	5	0
2036	5	0
2037	5	0
2038	5	0
2039	5	0
2040	5	0
2041	5	0
2042	5	0
2043	5	0
2044	5	0
2045	5	0
2046	5	0
2047	5	0
2048	5	0
2049	5	0
2050	5	0
2051	5	0
2052	5	0
2053	5	0
2054	5	0
2055	5	0
2056	5	0
2057	5	0
2058	5	0
2059	5	0
2060	5	0
2061	5	0
2062	5	0
2063	5	0
2064	5	0
2065	5	0
2066	5	0
2067	5	0
2068	5	0
2069	5	0
2070	5	0
2071	5	0
2072	5	0
2073	5	0
2074	5	0
2075	5	0
2076	5	0
2077	5	0
2078	5	0
2079	5	0
2080	5	0
2081	5	0
2082	5	0
2083	5	0
2084	5	0
2085	5	0
2086	5	0
2087	5	0
2088	5	0
2089	5	0
2090	5	0
2091	5	0
2092	5	0
2093	5	0
2094	5	0
2095	5	0
2096	5	0
2097	5	0
2098	5	0
2099	5	0
2100	5	0
2101	5	0
2102	5	0
2103	5	0
2104	5	0
2105	5	0
2106	5	0
2107	5	0
2108	5	0
2109	5	0
2110	6	0
2111	6	0
2112	6	0
2113	6	0
2114	6	0
2115	6	0
2116	6	0
2117	6	0
2118	6	0
2119	6	0
2120	6	0
2121	6	0
2122	6	0
2123	6	0
2124	6	0
2125	6	0
2126	6	0
2127	6	0
2128	6	0
2129	6	0
2130	6	0
2131	7	0
2132	7	0
2133	7	0
2134	7	0
2135	7	0
2136	7	0
2137	7	0
2138	7	0
2139	7	0
2140	7	0
2141	7	0
2142	7	0
2143	7	0
2144	7	0
2145	7	0
2146	7	0
2147	7	0
2148	7	0
2149	7	0
2150	7	0
2151	7	0
2152	7	0
2153	7	0
2154	7	0
2155	7	0
2156	7	0
2157	7	0
2158	7	0
2159	7	0
2160	7	0
2161	7	0
2162	7	0
2163	7	0
2164	7	0
2165	7	0
2166	7	0
2167	7	0
2168	7	0
2169	7	0
2170	7	0
2171	7	0
2172	7	0
2173	7	0
2174	7	0
2175	7	0
2176	7	0
2177	7	0
2178	7	0
2179	7	0
2180	7	0
2181	7	0
2182	7	0
2183	7	0
2184	7	0
2185	7	0
2186	7	0
2187	7	0
2188	7	0
2189	7	0
2190	7	0
2191	7	0
2192	7	0
2193	7	0
2194	7	0
2195	7	0
2196	7	0
2197	7	0
2198	7	0
2199	7	0
2200	7	0
2201	7	0
2202	7	0
2203	7	0
2204	7	0
2205	7	0
2206	7	0
2207	7	0
2208	8	0
2209	8	0
2210	8	0
2211	8	0
2212	8	0
2213	8	0
2214	8	0
2215	8	0
2216	8	0
2217	8	0
2218	8	0
2219	8	0
2220	8	0
2221	8	0
2222	8	0
2223	8	0
2224	8	0
2225	8	0
2226	8	0
2227	8	0
2228	8	0
2229	8	0
2230	8	0
2231	8	0
2232	8	0
2233	8	0
2234	8	0
2235	8	0
2236	8	0
2237	8	0
2238	8	0
2239	8	0
2240	8	0
2241	8	0
2242	8	0
2243	8	0
2244	8	0
2245	8	0
2246	8	0
2247	8	0
2248	8	0
2249	8	0
2250	8	0
2251	8	0
2252	8	0
2253	8	0
2254	8	0
2255	8	0
2256	8	0
2257	8	0
2258	8	0
2259	8	0
2260	8	0
2261	8	0
2262	8	0
2263	8	0
2264	8	0
2265	8	0
2266	8	0
2267	8	0
2268	8	0
2269	8	0
2270	8	0
2271	8	0
2272	8	0
2273	8	0
2274	8	0
2275	8	0
2276	8	0
2277	8	0
2278	8	0
2279	8	0
2280	8	0
2281	8	0
2282	8	0
2283	8	0
2284	8	0
2285	8	0
2286	8	0
2287	8	0
2288	8	0
2289	8	0
2290	8	0
2291	8	0
2292	8	0
2293	8	0
2294	8	0
2295	8	0
2296	8	0
2297	8	0
2298	8	0
2299	8	0
2300	8	0
2301	8	0
2302	8	0
2303	8	0
2304	8	0
2305	8	0
2306	8	0
2307	8	0
2308	8	0
2309	8	0
2310	8	0
2311	8	0
2312	8	0
2313	8	0
2314	8	0
2315	8	0
2316	8	0
2317	8	0
2318	8	0
2319	8	0
2320	8	0
2321	8	0
2322	8	0
2323	8	0
2324	8	0
2325	8	0
2326	8	0
2327	8	0
2328	8	0
2329	8	0
2330	8	0
2331	8	0
2332	8	0
2333	8	0
2334	8	0
2335	8	0
2336	8	0
2337	8	0
2338	8	0
2339	8	0
2340	8	0
2341	8	0
2342	8	0
2343	8	0
2344	8	0
2345	8	0
2346	8	0
2347	8	0
2348	8	0
2349	8	0
2350	8	0
2351	8	0
2352	8	0
2353	8	0
2354	9	0
2355	9	0
2356	9	0
2357	9	0
2358	9	0
2359	9	0
2360	9	0
2361	9	0
2362	9	0
2363	9	0
2364	9	0
2365	9	0
2366	9	0
2367	9	0
2368	9	0
2369	9	0
2370	9	0
2371	9	0
2372	9	0
2373	9	0
2374	9	0
2375	9	0
2376	9	0
2377	9	0
2378	9	0
2379	9	0
2380	9	0
2381	9	0
2382	9	0
2383	9	0
2384	9	0
2385	9	0
2386	9	0
2387	9	0
2388	9	0
2389	9	0
2390	9	0
2391	9	0
2392	9	0
2393	9	0
2394	9	0
2395	9	0
2396	9	0
2397	9	0
2398	9	0
2399	9	0
2400	9	0
2401	9	0
2402	9	0
2403	9	0
2404	9	0
2405	9	0
2406	9	0
2407	9	0
2408	9	0
2409	9	0
2410	9	0
2411	9	0
2412	9	0
2413	9	0
2414	9	0
2415	9	0
2416	9	0
2417	9	0
2418	9	0
2419	9	0
2420	9	0
2421	9	0
2422	9	0
2423	9	0
2424	9	0
2425	9	0
2426	9	0
2427	9	0
2428	9	0
2429	9	0
2430	9	0
2431	9	0
2432	9	0
2433	9	0
2434	9	0
2435	9	0
2436	9	0
2437	9	0
2438	9	0
2439	9	0
2440	9	0
2441	9	0
2442	9	0
2443	9	0
2444	9	0
2445	9	0
2446	9	0
2447	9	0
2448	9	0
2449	10	0
2450	10	0
2451	10	0
2452	10	0
2453	10	0
2454	10	0
2455	10	0
2456	10	0
2457	10	0
2458	10	0
2459	10	0
2460	10	0
2461	10	0
2462	10	0
2463	10	0
2464	10	0
2465	10	0
2466	10	0
2467	10	0
2468	10	0
2469	10	0
2470	10	0
2471	10	0
2472	10	0
2473	10	0
2474	10	0
2475	10	0
2476	10	0
2477	10	0
2478	10	0
2479	10	0
2480	10	0
2481	10	0
2482	10	0
2483	10	0
2484	10	0
2485	10	0
2486	10	0
2487	10	0
2488	10	0
2489	10	0
2490	10	0
2491	10	0
2492	10	0
2493	10	0
2494	10	0
2495	10	0
2496	10	0
2497	10	0
2498	10	0
2499	10	0
2500	10	0
2501	10	0
2502	10	0
2503	10	0
2504	10	0
2505	10	0
2506	10	0
2507	10	0
2508	10	0
2509	10	0
2510	10	0
2511	10	0
2512	10	0
2513	10	0
2514	10	0
2515	10	0
2516	10	0
2517	10	0
2518	10	0
2519	10	0
2520	10	0
2521	10	0
2522	10	0
2523	10	0
2524	10	0
2525	10	0
2526	10	0
2527	10	0
2528	10	0
2529	10	0
2530	10	0
2531	10	0
2532	10	0
2533	10	0
2534	10	0
2535	10	0
2536	10	0
2537	10	0
2538	10	0
2539	10	0
2540	10	0
2541	10	0
2542	10	0
2543	10	0
2544	10	0
2545	10	0
2546	10	0
2547	10	0
2548	10	0
2549	10	0
2550	10	0
2551	10	0
2552	10	0
2553	10	0
2554	10	0
2555	10	0
2556	10	0
2557	10	0
2558	10	0
2559	10	0
2560	10	0
2561	10	0
2562	10	0
2563	10	0
2564	10	0
2565	10	0
2566	10	0
2567	10	0
2568	10	0
2569	10	0
2570	10	0
2571	10	0
2572	10	0
2573	10	0
2574	10	0
2575	10	0
2576	10	0
2577	10	0
2578	10	0
2579	10	0
2580	10	0
2581	10	0
2582	10	0
2583	10	0
2584	10	0
2585	10	0
2586	10	0
2587	10	0
2588	10	0
2589	10	0
2590	10	0
2591	10	0
2592	10	0
2593	10	0
2594	10	0
2595	10	0
2596	10	0
2597	10	0
2598	10	0
2599	10	0
2600	10	0
2601	10	0
2602	10	0
2603	10	0
2604	10	0
2605	10	0
2606	10	0
2607	10	0
2608	10	0
2609	10	0
2610	10	0
2611	10	0
2612	10	0
2613	10	0
2614	10	0
2615	10	0
2616	10	0
2617	10	0
2618	10	0
2619	10	0
2620	10	0
2621	10	0
2622	10	0
2623	10	0
2624	10	0
2625	10	0
2626	10	0
2627	10	0
2628	10	0
2629	10	0
2630	10	0
2631	10	0
2632	10	0
2633	10	0
2634	10	0
2635	10	0
2636	10	0
2637	10	0
2638	10	0
2639	10	0
2640	10	0
2641	10	0
2642	10	0
2643	10	0
2644	10	0
2645	10	0
2646	10	0
2647	10	0
2648	10	0
2649	10	0
2650	10	0
2651	10	0
2652	10	0
2653	10	0
2654	10	0
2655	10	0
2656	10	0
2657	10	0
2658	10	0
2659	10	0
2660	10	0
2661	10	0
2662	10	0
2663	10	0
2664	10	0
2665	10	0
2666	10	0
2667	10	0
2668	10	0
2669	10	0
2670	10	0
2671	10	0
2672	10	0
2673	10	0
2674	10	0
2675	10	0
2676	10	0
2677	10	0
2678	10	0
2679	10	0
2680	10	0
2681	10	0
2682	10	0
2683	10	0
2684	10	0
2685	10	0
2686	10	0
2687	10	0
2688	10	0
2689	10	0
2690	10	0
2691	10	0
2692	10	0
2693	10	0
2694	10	0
2695	10	0
2696	10	0
2697	10	0
2698	10	0
2699	10	0
2700	10	0
2701	10	0
2702	10	0
2703	10	0
2704	10	0
2705	10	0
2706	10	0
2707	10	0
2708	10	0
2709	10	0
2710	10	0
2711	10	0
2712	10	0
2713	10	0
2714	10	0
2715	10	0
2716	10	0
2717	10	0
2718	10	0
2719	10	0
2720	10	0
2721	10	0
2722	10	0
2723	10	0
2724	10	0
2725	10	0
2726	10	0
2727	10	0
2728	10	0
2729	10	0
2730	10	0
2731	10	0
2732	10	0
2733	10	0
2734	10	0
2735	10	0
2736	10	0
2737	10	0
2738	10	0
2739	10	0
2740	10	0
2741	10	0
2742	10	0
2743	10	0
2744	10	0
2745	11	0
2746	11	0
2747	11	0
2748	11	0
2749	11	0
2750	11	0
2751	11	0
2752	11	0
2753	11	0
2754	11	0
2755	11	0
2756	11	0
2757	11	0
2758	11	0
2759	11	0
2760	11	0
2761	11	0
2762	11	0
2763	11	0
2764	11	0
2765	11	0
2766	11	0
2767	11	0
2768	11	0
2769	11	0
2770	11	0
2771	11	0
2772	11	0
2773	11	0
2774	11	0
2775	11	0
2776	11	0
2777	11	0
2778	11	0
2779	11	0
2780	11	0
2781	11	0
2782	11	0
2783	11	0
2784	11	0
2785	11	0
2786	11	0
2787	11	0
2788	11	0
2789	11	0
2790	11	0
2791	11	0
2792	11	0
2793	11	0
2794	11	0
2795	11	0
2796	11	0
2797	11	0
2798	11	0
2799	11	0
2800	11	0
2801	11	0
2802	11	0
2803	11	0
2804	11	0
2805	11	0
2806	11	0
2807	11	0
2808	11	0
2809	11	0
2810	11	0
2811	11	0
2812	11	0
2813	11	0
2814	11	0
2815	11	0
2816	11	0
2817	11	0
2818	11	0
2819	11	0
2820	11	0
2821	11	0
2822	11	0
2823	11	0
2824	11	0
2825	11	0
2826	11	0
2827	11	0
2828	11	0
2829	11	0
2830	11	0
2831	11	0
2832	11	0
2833	11	0
2834	11	0
2835	11	0
2836	11	0
2837	11	0
2838	11	0
2839	11	0
2840	11	0
2841	11	0
2842	11	0
2843	11	0
2844	11	0
2845	11	0
2846	11	0
2847	11	0
2848	11	0
2849	11	0
2850	11	0
2851	11	0
2852	11	0
2853	11	0
2854	11	0
2855	11	0
2856	11	0
2857	11	0
2858	11	0
2859	11	0
2860	11	0
2861	11	0
2862	11	0
2863	11	0
2864	11	0
2865	11	0
2866	11	0
2867	11	0
2868	11	0
2869	11	0
2870	11	0
2871	11	0
2872	11	0
2873	11	0
2874	11	0
2875	11	0
2876	11	0
2877	11	0
2878	11	0
2879	11	0
2880	11	0
2881	11	0
2882	11	0
2883	11	0
2884	11	0
2885	11	0
2886	11	0
2887	11	0
2888	11	0
2889	11	0
2890	11	0
2891	11	0
2892	11	0
2893	11	0
2894	11	0
2895	11	0
2896	11	0
2897	11	0
2898	11	0
2899	11	0
2900	11	0
2901	11	0
2902	11	0
2903	11	0
2904	11	0
2905	12	0
2906	12	0
2907	12	0
2908	12	0
2909	12	0
2910	12	0
2911	12	0
2912	12	0
2913	12	0
2914	12	0
2915	12	0
2916	12	0
2917	12	0
2918	12	0
2919	12	0
2920	12	0
2921	12	0
2922	12	0
2923	12	0
2924	12	0
2925	12	0
2926	12	0
2927	12	0
2928	12	0
2929	12	0
2930	12	0
2931	12	0
2932	12	0
2933	12	0
2934	12	0
2935	12	0
2936	12	0
2937	12	0
2938	12	0
2939	12	0
2940	12	0
2941	12	0
2942	12	0
2943	12	0
2944	12	0
2945	12	0
2946	12	0
2947	12	0
2948	12	0
2949	12	0
2950	12	0
2951	12	0
2952	12	0
2953	12	0
2954	12	0
2955	12	0
2956	12	0
2957	12	0
2958	12	0
2959	12	0
2960	12	0
2961	12	0
2962	12	0
2963	12	0
2964	12	0
2965	12	0
2966	12	0
2967	12	0
2968	12	0
2969	12	0
2970	12	0
2971	12	0
2972	12	0
2973	12	0
2974	12	0
2975	12	0
2976	12	0
2977	12	0
2978	12	0
2979	12	0
2980	12	0
2981	12	0
2982	12	0
2983	12	0
2984	12	0
2985	13	0
2986	13	0
2987	13	0
2988	13	0
2989	13	0
2990	13	0
2991	13	0
2992	13	0
2993	13	0
2994	13	0
2995	13	0
2996	13	0
2997	13	0
2998	13	0
2999	13	0
3000	13	0
3001	13	0
3002	13	0
3003	13	0
3004	13	0
3005	13	0
3006	13	0
3007	13	0
3008	13	0
3009	13	0
3010	13	0
3011	13	0
3012	13	0
3013	13	0
3014	13	0
3015	13	0
3016	13	0
3017	13	0
3018	13	0
3019	13	0
3020	13	0
3021	13	0
3022	13	0
3023	13	0
3024	13	0
3025	13	0
3026	13	0
3027	13	0
3028	13	0
3029	13	0
3030	13	0
3031	13	0
3032	13	0
3033	13	0
3034	13	0
3035	13	0
3036	13	0
3037	13	0
3038	13	0
3039	13	0
3040	13	0
3041	13	0
3042	13	0
3043	13	0
3044	13	0
3045	13	0
3046	13	0
3047	13	0
3048	13	0
3049	13	0
3050	13	0
3051	13	0
3052	13	0
3053	13	0
3054	13	0
3055	13	0
3056	13	0
3057	13	0
3058	13	0
3059	13	0
3060	13	0
3061	13	0
3062	13	0
3063	13	0
3064	13	0
3065	13	0
3066	13	0
3067	13	0
3068	13	0
3069	13	0
3070	13	0
3071	13	0
3072	13	0
3073	13	0
3074	13	0
3075	13	0
3076	13	0
3077	13	0
3078	13	0
3079	13	0
3080	13	0
3081	13	0
3082	13	0
3083	13	0
3084	13	0
3085	13	0
3086	13	0
3087	13	0
3088	13	0
3089	13	0
3090	13	0
3091	13	0
3092	13	0
3093	13	0
3094	13	0
3095	13	0
3096	13	0
3097	13	0
3098	13	0
3099	13	0
3100	13	0
3101	13	0
3102	13	0
3103	13	0
3104	13	0
3105	13	0
3106	13	0
3107	14	0
3108	14	0
3109	14	0
3110	14	0
3111	14	0
3112	14	0
3113	14	0
3114	14	0
3115	14	0
3116	14	0
3117	14	0
3118	14	0
3119	14	0
3120	14	0
3121	14	0
3122	14	0
3123	14	0
3124	14	0
3125	14	0
3126	14	0
3127	14	0
3128	14	0
3129	14	0
3130	14	0
3131	14	0
3132	14	0
3133	14	0
3134	14	0
3135	14	0
3136	14	0
3137	14	0
3138	14	0
3139	14	0
3140	14	0
3141	14	0
3142	14	0
3143	14	0
3144	14	0
3145	14	0
3146	14	0
3147	14	0
3148	14	0
3149	14	0
3150	14	0
3151	14	0
3152	14	0
3153	14	0
3154	14	0
3155	14	0
3156	14	0
3157	14	0
3158	14	0
3159	14	0
3160	14	0
3161	14	0
3162	14	0
3163	14	0
3164	14	0
3165	14	0
3166	14	0
3167	14	0
3168	14	0
3169	14	0
3170	14	0
3171	14	0
3172	14	0
3173	14	0
3174	14	0
3175	14	0
3176	14	0
3177	14	0
3178	14	0
3179	14	0
3180	14	0
3181	14	0
3182	14	0
3183	14	0
3184	14	0
3185	14	0
3186	14	0
3187	14	0
3188	14	0
3189	14	0
3190	14	0
3191	15	0
3192	15	0
3193	15	0
3194	15	0
3195	15	0
3196	15	0
3197	15	0
3198	15	0
3199	15	0
3200	15	0
3201	15	0
3202	15	0
3203	15	0
3204	15	0
3205	15	0
3206	15	0
3207	15	0
3208	15	0
3209	15	0
3210	15	0
3211	15	0
3212	15	0
3213	15	0
3214	15	0
3215	15	0
3216	15	0
3217	15	0
3218	15	0
3219	15	0
3220	15	0
3221	15	0
3222	15	0
3223	15	0
3224	15	0
3225	15	0
3226	15	0
3227	15	0
3228	15	0
3229	15	0
3230	15	0
3231	15	0
3232	15	0
3233	15	0
3234	15	0
3235	15	0
3236	15	0
3237	15	0
3238	15	0
3239	15	0
3240	15	0
3241	15	0
3242	15	0
3243	15	0
3244	15	0
3245	15	0
3246	15	0
3247	15	0
3248	15	0
3249	15	0
3250	15	0
3251	15	0
3252	15	0
3253	15	0
3254	15	0
3255	15	0
3256	15	0
3257	15	0
3258	15	0
3259	15	0
3260	15	0
3261	15	0
3262	15	0
3263	15	0
3264	15	0
3265	15	0
3266	15	0
3267	15	0
3268	15	0
3269	15	0
3270	15	0
3271	15	0
3272	15	0
3273	15	0
3274	15	0
3275	15	0
3276	15	0
3277	15	0
3278	15	0
3279	15	0
3280	15	0
3281	15	0
3282	15	0
3283	15	0
3284	15	0
3285	15	0
3286	15	0
3287	16	0
3288	16	0
3289	16	0
3290	16	0
3291	16	0
3292	16	0
3293	16	0
3294	16	0
3295	16	0
3296	16	0
3297	16	0
3298	16	0
3299	16	0
3300	16	0
3301	16	0
3302	16	0
3303	16	0
3304	16	0
3305	16	0
3306	16	0
3307	16	0
3308	16	0
3309	16	0
3310	16	0
3311	16	0
3312	16	0
3313	16	0
3314	16	0
3315	16	0
3316	16	0
3317	16	0
3318	16	0
3319	16	0
3320	16	0
3321	16	0
3322	16	0
3323	16	0
3324	16	0
3325	16	0
3326	16	0
3327	16	0
3328	16	0
3329	16	0
3330	16	0
3331	16	0
3332	16	0
3333	16	0
3334	16	0
3335	16	0
3336	16	0
3337	16	0
3338	16	0
3339	17	0
3340	17	0
3341	17	0
3342	17	0
3343	17	0
3344	17	0
3345	17	0
3346	17	0
3347	17	0
3348	17	0
3349	17	0
3350	17	0
3351	17	0
3352	17	0
3353	17	0
3354	17	0
3355	17	0
3356	17	0
3357	17	0
3358	17	0
3359	17	0
3360	17	0
3361	17	0
3362	17	0
3363	17	0
3364	17	0
3365	17	0
3366	17	0
3367	17	0
3368	17	0
3369	17	0
3370	17	0
3371	17	0
3372	17	0
3373	17	0
3374	17	0
3375	17	0
3376	17	0
3377	17	0
3378	17	0
3379	17	0
3380	17	0
3381	17	0
3382	17	0
3383	17	0
3384	17	0
3385	17	0
3386	17	0
3387	17	0
3388	17	0
3389	17	0
3390	17	0
3391	17	0
3392	17	0
3393	17	0
3394	17	0
3395	17	0
3396	17	0
3397	17	0
3398	17	0
3399	17	0
3400	17	0
3401	17	0
3402	17	0
3403	17	0
3404	17	0
3405	17	0
3406	17	0
3407	17	0
3408	17	0
3409	17	0
3410	17	0
3411	17	0
3412	17	0
3413	17	0
3414	17	0
3415	17	0
3416	17	0
3417	17	0
3418	17	0
3419	17	0
3420	17	0
3421	17	0
3422	17	0
3423	17	0
3424	17	0
3425	17	0
3426	17	0
3427	17	0
3428	17	0
3429	17	0
3430	17	0
3431	17	0
3432	17	0
3433	17	0
3434	17	0
3435	17	0
3436	17	0
3437	17	0
3438	17	0
3439	17	0
3440	17	0
3441	17	0
3442	17	0
3443	17	0
3444	17	0
3445	17	0
3446	17	0
3447	17	0
3448	17	0
3449	17	0
3450	17	0
3451	17	0
3452	17	0
3453	17	0
3454	17	0
3455	17	0
3456	17	0
3457	17	0
3458	17	0
3459	17	0
3460	17	0
3461	17	0
3462	17	0
3463	17	0
3464	17	0
3465	17	0
3466	17	0
3467	17	0
3468	17	0
3469	17	0
3470	17	0
3471	17	0
3472	17	0
3473	17	0
3474	17	0
3475	17	0
3476	17	0
3477	17	0
3478	17	0
3479	17	0
3480	17	0
3481	17	0
3482	17	0
3483	17	0
3484	17	0
3485	17	0
3486	17	0
3487	17	0
3488	17	0
3489	17	0
3490	17	0
3491	17	0
3492	17	0
3493	17	0
3494	17	0
3495	18	0
3496	18	0
3497	18	0
3498	18	0
3499	18	0
3500	18	0
3501	18	0
3502	18	0
3503	18	0
3504	18	0
3505	18	0
3506	18	0
3507	18	0
3508	18	0
3509	18	0
3510	18	0
3511	18	0
3512	18	0
3513	18	0
3514	18	0
3515	18	0
3516	18	0
3517	18	0
3518	18	0
3519	18	0
3520	18	0
3521	18	0
3522	18	0
3523	18	0
3524	18	0
3525	18	0
3526	18	0
3527	18	0
3528	18	0
3529	18	0
3530	18	0
3531	18	0
3532	18	0
3533	18	0
3534	18	0
3535	18	0
3536	18	0
3537	18	0
3538	18	0
3539	18	0
3540	18	0
3541	18	0
3542	18	0
3543	18	0
3544	18	0
3545	18	0
3546	18	0
3547	18	0
3548	18	0
3549	18	0
3550	18	0
3551	18	0
3552	18	0
3553	18	0
3554	18	0
3555	18	0
3556	18	0
3557	18	0
3558	18	0
3559	18	0
3560	18	0
3561	18	0
3562	18	0
3563	18	0
3564	18	0
3565	18	0
3566	18	0
3567	18	0
3568	18	0
3569	18	0
3570	18	0
3571	18	0
3572	18	0
3573	18	0
3574	18	0
3575	18	0
3576	18	0
3577	18	0
3578	18	0
3579	18	0
3580	18	0
3581	18	0
3582	18	0
3583	18	0
3584	18	0
3585	18	0
3586	18	0
3587	18	0
3588	18	0
3589	18	0
3590	18	0
3591	18	0
3592	18	0
3593	18	0
3594	18	0
3595	18	0
3596	18	0
3597	18	0
3598	18	0
3599	18	0
3600	18	0
3601	18	0
3602	18	0
3603	18	0
3604	18	0
3605	18	0
3606	18	0
3607	18	0
3608	18	0
3609	18	0
3610	18	0
3611	18	0
3612	18	0
3613	18	0
3614	18	0
3615	18	0
3616	18	0
3617	18	0
3618	18	0
3619	18	0
3620	18	0
3621	18	0
3622	18	0
3623	18	0
3624	18	0
3625	18	0
3626	18	0
3627	18	0
3628	18	0
3629	18	0
3630	18	0
3631	18	0
3632	18	0
3633	18	0
3634	18	0
3635	18	0
3636	18	0
3637	18	0
3638	18	0
3639	18	0
3640	18	0
3641	18	0
3642	19	0
3643	19	0
3644	19	0
3645	19	0
3646	19	0
3647	19	0
3648	19	0
3649	19	0
3650	19	0
3651	19	0
3652	19	0
3653	19	0
3654	19	0
3655	19	0
3656	19	0
3657	19	0
3658	19	0
3659	19	0
3660	19	0
3661	19	0
3662	19	0
3663	19	0
3664	19	0
3665	19	0
3666	19	0
3667	19	0
3668	19	0
3669	19	0
3670	19	0
3671	19	0
3672	19	0
3673	19	0
3674	19	0
3675	19	0
3676	19	0
3677	19	0
3678	19	0
3679	19	0
3680	19	0
3681	19	0
3682	19	0
3683	19	0
3684	19	0
3685	19	0
3686	19	0
3687	19	0
3688	19	0
3689	19	0
3690	19	0
3691	19	0
3692	19	0
3693	19	0
3694	19	0
3695	19	0
3696	19	0
3697	19	0
3698	19	0
3699	19	0
3700	19	0
3701	19	0
3702	19	0
3703	19	0
3704	19	0
3705	19	0
3706	19	0
3707	19	0
3708	19	0
3709	19	0
3710	19	0
3711	19	0
3712	19	0
3713	19	0
3714	19	0
3715	19	0
3716	19	0
3717	19	0
3718	19	0
3719	19	0
3720	19	0
3721	19	0
3722	19	0
3723	19	0
3724	19	0
3725	19	0
3726	19	0
3727	19	0
3728	19	0
3729	19	0
3730	19	0
3731	19	0
3732	19	0
3733	19	0
3734	19	0
3735	19	0
3736	19	0
3737	19	0
3738	19	0
3739	19	0
3740	19	0
3741	19	0
3742	19	0
3743	19	0
3744	19	0
3745	19	0
3746	19	0
3747	19	0
3748	19	0
3749	19	0
3750	19	0
3751	19	0
3752	19	0
3753	19	0
3754	19	0
3755	19	0
3756	19	0
3757	19	0
3758	19	0
3759	19	0
3760	19	0
3761	19	0
3762	19	0
3763	19	0
3764	19	0
3765	19	0
3766	19	0
3767	19	0
3768	19	0
3769	19	0
3770	19	0
3771	19	0
3772	19	0
3773	19	0
3774	19	0
3775	19	0
3776	19	0
3777	19	0
3778	19	0
3779	19	0
3780	19	0
3781	19	0
3782	19	0
3783	19	0
3784	19	0
3785	19	0
3786	19	0
3787	19	0
3788	19	0
3789	19	0
3790	19	0
3791	19	0
3792	19	0
3793	19	0
3794	19	0
3795	19	0
3796	19	0
3797	19	0
3798	19	0
3799	19	0
3800	19	0
3801	19	0
3802	19	0
3803	19	0
3804	19	0
3805	19	0
3806	19	0
3807	19	0
3808	19	0
3809	19	0
3810	19	0
3811	19	0
3812	19	0
3813	19	0
3814	19	0
3815	19	0
3816	19	0
3817	19	0
3818	19	0
3819	19	0
3820	19	0
3821	19	0
3822	19	0
3823	19	0
3824	19	0
3825	19	0
3826	19	0
3827	19	0
3828	19	0
3829	19	0
3830	19	0
3831	19	0
3832	19	0
3833	19	0
3834	19	0
3835	19	0
3836	19	0
3837	19	0
3838	19	0
3839	19	0
3840	19	0
3841	19	0
3842	19	0
3843	19	0
3844	19	0
3845	19	0
3846	19	0
3847	19	0
3848	19	0
3849	19	0
3850	19	0
3851	19	0
3852	19	0
3853	19	0
3854	19	0
3855	19	0
3856	19	0
3857	19	0
3858	19	0
3859	19	0
3860	19	0
3861	19	0
3862	19	0
3863	19	0
3864	19	0
3865	19	0
3866	19	0
3867	19	0
3868	19	0
3869	19	0
3870	19	0
3871	19	0
3872	19	0
3873	19	0
3874	19	0
3875	19	0
3876	19	0
3877	19	0
3878	19	0
3879	19	0
3880	19	0
3881	19	0
3882	19	0
3883	19	0
3884	19	0
3885	19	0
3886	19	0
3887	19	0
3888	19	0
3889	19	0
3890	19	0
3891	19	0
3892	19	0
3893	19	0
3894	19	0
3895	19	0
3896	19	0
3897	19	0
3898	19	0
3899	19	0
3900	19	0
3901	19	0
3902	19	0
3903	19	0
3904	19	0
3905	19	0
3906	19	0
3907	19	0
3908	19	0
3909	19	0
3910	19	0
3911	19	0
3912	19	0
3913	19	0
3914	19	0
3915	19	0
3916	19	0
3917	19	0
3918	19	0
3919	19	0
3920	19	0
3921	19	0
3922	19	0
3923	19	0
3924	19	0
3925	19	0
3926	19	0
3927	19	0
3928	19	0
3929	19	0
3930	19	0
3931	19	0
3932	19	0
3933	19	0
3934	19	0
3935	19	0
3936	19	0
3937	19	0
3938	19	0
3939	19	0
3940	19	0
3941	19	0
3942	19	0
3943	19	0
3944	19	0
3945	19	0
3946	19	0
3947	19	0
3948	19	0
3949	19	0
3950	19	0
3951	19	0
3952	19	0
3953	19	0
3954	19	0
3955	19	0
3956	19	0
3957	19	0
3958	19	0
3959	19	0
3960	19	0
3961	19	0
3962	19	0
3963	19	0
3964	19	0
3965	19	0
3966	19	0
3967	19	0
3968	19	0
3969	19	0
3970	19	0
3971	19	0
3972	19	0
3973	19	0
3974	19	0
3975	19	0
3976	19	0
3977	19	0
3978	19	0
3979	19	0
3980	19	0
3981	19	0
3982	19	0
3983	19	0
3984	19	0
3985	19	0
3986	19	0
3987	19	0
3988	19	0
3989	19	0
3990	19	0
3991	19	0
3992	19	0
3993	19	0
3994	19	0
3995	19	0
3996	19	0
3997	19	0
3998	19	0
3999	19	0
4000	19	0
4001	19	0
4002	19	0
4003	19	0
4004	19	0
4005	19	0
4006	19	0
4007	19	0
4008	19	0
4009	19	0
4010	19	0
4011	19	1
4012	19	1
4013	19	1
4014	19	1
4015	19	1
4016	19	1
4017	19	1
4018	19	1
4019	19	1
4020	19	1
4021	19	1
4022	19	1
4023	19	1
4024	19	1
4025	19	1
4026	19	1
4027	19	1
4028	19	1
4029	19	1
4030	19	1
4031	19	1
4032	19	1
4033	19	1
4034	19	1
4035	19	1
4036	19	1
4037	19	1
4038	19	1
4039	19	1
4040	19	1
4041	19	1
4042	19	1
4043	19	1
4044	19	1
4045	19	1
4046	19	1
4047	19	1
4048	19	1
4049	19	1
4050	19	1
4051	19	1
4052	19	1
4053	19	1
4054	19	1
4055	19	1
4056	19	1
4057	19	1
4058	19	1
4059	19	1
4060	19	1
4061	19	1
4062	19	1
4063	19	1
4064	19	1
4065	19	1
4066	19	1
4067	19	1
4068	19	1
4069	19	1
4070	19	1
4071	19	1
4072	19	1
4073	19	1
4074	19	1
4075	19	1
4076	19	1
4077	19	1
4078	19	1
4079	19	1
4080	19	1
4081	19	1
4082	19	1
4083	19	1
4084	19	1
4085	19	1
4086	19	1
4087	19	1
4088	19	1
4089	19	1
4090	19	1
4091	19	1
4092	19	1
4093	19	1
4094	19	1
4095	19	1
4096	19	1
4097	19	1
4098	19	1
4099	19	1
4100	19	1
4101	19	1
4102	19	1
4103	19	1
4104	19	1
4105	19	1
4106	19	1
4107	19	1
4108	19	1
4109	19	1
4110	19	1
4111	19	1
4112	19	1
4113	19	1
4114	19	1
4115	19	1
4116	19	1
4117	19	1
4118	19	1
4119	19	1
4120	19	1
4121	19	1
4122	19	1
4123	19	1
4124	20	1
4125	20	1
4126	20	1
4127	20	1
4128	20	1
4129	20	1
4130	20	1
4131	20	1
4132	20	1
4133	20	1
4134	20	1
4135	20	1
4136	20	1
4137	20	1
4138	20	1
4139	20	1
4140	20	1
4141	20	1
4142	20	1
4143	20	1
4144	20	1
4145	20	1
4146	20	1
4147	20	1
4148	20	1
4149	20	1
4150	20	1
4151	20	1
4152	20	1
4153	20	1
4154	20	1
4155	20	1
4156	20	1
4157	20	1
4158	20	1
4159	20	1
4160	20	1
4161	20	1
4162	20	1
4163	20	1
4164	20	1
4165	20	1
4166	20	1
4167	20	1
4168	20	1
4169	20	1
4170	20	1
4171	20	1
4172	20	1
4173	20	1
4174	20	1
4175	20	1
4176	20	1
4177	20	1
4178	20	1
4179	20	1
4180	20	1
4181	20	1
4182	20	1
4183	20	1
4184	20	1
4185	20	1
4186	20	1
4187	20	1
4188	20	1
4189	20	1
4190	20	1
4191	20	1
4192	20	1
4193	20	1
4194	20	1
4195	20	1
4196	20	1
4197	20	1
4198	20	1
4199	20	1
4200	20	1
4201	20	1
4202	20	1
4203	20	1
4204	20	1
4205	20	1
4206	20	1
4207	20	1
4208	20	1
4209	20	1
4210	20	1
4211	20	1
4212	20	1
4213	20	1
4214	20	1
4215	20	1
4216	20	1
4217	20	1
4218	21	1
4219	21	1
4220	21	1
4221	21	1
4222	21	1
4223	21	1
4224	21	1
4225	21	1
4226	21	1
4227	21	1
4228	21	1
4229	21	1
4230	21	1
4231	21	1
4232	21	1
4233	21	1
4234	21	1
4235	21	1
4236	21	1
4237	21	1
4238	21	1
4239	21	1
4240	21	1
4241	21	1
4242	21	1
4243	21	1
4244	21	1
4245	21	1
4246	21	1
4247	21	1
4248	21	1
4249	21	1
4250	21	1
4251	21	1
4252	21	1
4253	21	1
4254	21	1
4255	21	1
4256	21	1
4257	21	1
4258	21	1
4259	21	1
4260	21	1
4261	21	1
4262	21	1
4263	21	1
4264	21	1
4265	21	1
4266	21	1
4267	21	1
4268	21	1
4269	21	1
4270	21	1
4271	21	1
4272	21	1
4273	21	1
4274	21	1
4275	21	1
4276	21	1
4277	21	1
4278	21	1
4279	21	1
4280	21	1
4281	21	1
4282	21	1
4283	21	1
4284	21	1
4285	21	1
4286	21	1
4287	21	1
4288	21	1
4289	22	1
4290	22	1
4291	22	1
4292	22	1
4293	22	1
4294	22	1
4295	22	1
4296	22	1
4297	22	1
4298	22	1
4299	22	1
4300	22	1
4301	22	1
4302	22	1
4303	22	1
4304	22	1
4305	22	1
4306	22	1
4307	22	1
4308	22	1
4309	22	1
4310	22	1
4311	22	1
4312	22	1
4313	22	1
4314	22	1
4315	22	1
4316	22	1
4317	22	1
4318	22	1
4319	22	1
4320	22	1
4321	22	1
4322	22	1
4323	22	1
4324	22	1
4325	22	1
4326	22	1
4327	22	1
4328	22	1
4329	22	1
4330	22	1
4331	22	1
4332	22	1
4333	22	1
4334	22	1
4335	22	1
4336	22	1
4337	22	1
4338	22	1
4339	22	1
4340	22	1
4341	22	1
4342	22	1
4343	22	1
4344	22	1
4345	22	1
4346	22	1
4347	22	1
4348	22	1
4349	22	1
4350	22	1
4351	22	1
4352	22	1
4353	22	1
4354	22	1
4355	22	1
4356	22	1
4357	22	1
4358	22	1
4359	22	1
4360	22	1
4361	22	1
4362	22	1
4363	22	1
4364	22	1
4365	22	1
4366	22	1
4367	22	1
4368	22	1
4369	22	1
4370	22	1
4371	22	1
4372	22	1
4373	22	1
4374	22	1
4375	22	1
4376	22	1
4377	22	1
4378	22	1
4379	22	1
4380	22	1
4381	22	1
4382	22	1
4383	22	1
4384	22	1
4385	22	1
4386	22	1
4387	22	1
4388	22	1
4389	22	1
4390	22	1
4391	22	1
4392	22	1
4393	22	1
4394	22	1
4395	22	1
4396	22	1
4397	22	1
4398	22	1
4399	22	1
4400	22	1
4401	22	1
4402	22	1
4403	22	1
4404	22	1
4405	22	1
4406	22	1
4407	22	1
4408	22	1
4409	22	1
4410	22	1
4411	22	1
4412	22	1
4413	22	1
4414	22	1
4415	22	1
4416	22	1
4417	22	1
4418	22	1
4419	22	1
4420	22	1
4421	22	1
4422	22	1
4423	22	1
4424	22	1
4425	22	1
4426	22	1
4427	22	1
4428	22	1
4429	22	1
4430	22	1
4431	22	1
4432	22	1
4433	22	1
4434	22	1
4435	22	1
4436	22	1
4437	22	1
4438	22	1
4439	22	1
4440	22	1
4441	22	1
4442	22	1
4443	22	1
4444	22	1
4445	22	1
4446	22	1
4447	22	1
4448	22	1
4449	22	1
4450	22	1
4451	22	1
4452	22	1
4453	22	1
4454	22	1
4455	22	1
4456	22	1
4457	22	1
4458	22	1
4459	22	1
4460	22	1
4461	22	1
4462	22	1
4463	22	1
4464	22	1
4465	22	1
4466	22	1
4467	22	1
4468	22	1
4469	22	1
4470	22	1
4471	22	1
4472	22	1
4473	22	1
4474	22	1
4475	22	1
4476	22	1
4477	22	1
4478	22	1
4479	22	1
4480	22	1
4481	22	1
4482	22	1
4483	22	1
4484	22	1
4485	22	1
4486	22	1
4487	22	1
4488	22	1
4489	22	1
4490	22	1
4491	22	1
4492	22	1
4493	22	1
4494	22	1
4495	22	1
4496	22	1
4497	22	1
4498	22	1
4499	22	1
4500	22	1
4501	22	1
4502	22	1
4503	22	1
4504	22	1
4505	22	1
4506	22	1
4507	22	1
4508	22	1
4509	22	1
4510	22	1
4511	22	1
4512	22	1
4513	22	1
4514	22	1
4515	22	1
4516	22	1
4517	22	1
4518	22	1
4519	22	1
4520	22	1
4521	22	1
4522	22	1
4523	22	1
4524	22	1
4525	22	1
4526	22	1
4527	22	1
4528	22	1
4529	22	1
4530	22	1
4531	22	1
4532	22	1
4533	22	1
4534	22	1
4535	22	1
4536	22	1
4537	22	1
4538	22	1
4539	22	1
4540	22	1
4541	22	1
4542	22	1
4543	22	1
4544	22	1
4545	22	1
4546	22	1
4547	22	1
4548	22	1
4549	22	1
4550	22	1
4551	22	1
4552	22	1
4553	22	1
4554	22	1
4555	22	1
4556	22	1
4557	22	1
4558	22	1
4559	22	1
4560	22	1
4561	22	1
4562	22	1
4563	22	1
4564	22	1
4565	22	1
4566	22	1
4567	22	1
4568	22	1
4569	22	1
4570	22	1
4571	22	1
4572	22	1
4573	22	1
4574	22	1
4575	22	1
4576	22	1
4577	22	1
4578	22	1
4579	22	1
4580	22	1
4581	22	1
4582	22	1
4583	22	1
4584	22	1
4585	22	1
4586	22	1
4587	22	1
4588	22	1
4589	22	1
4590	22	1
4591	22	1
4592	22	1
4593	22	1
4594	22	1
4595	22	1
4596	22	1
4597	22	1
4598	22	1
4599	22	1
4600	22	1
4601	22	1
4602	22	1
4603	22	1
4604	22	1
4605	22	1
4606	22	1
4607	22	1
4608	22	1
4609	22	1
4610	22	1
4611	22	1
4612	22	1
4613	22	1
4614	22	1
4615	22	1
4616	22	1
4617	22	1
4618	22	1
4619	22	1
4620	22	1
4621	22	1
4622	22	1
4623	22	1
4624	22	1
4625	22	1
4626	22	1
4627	22	1
4628	22	1
4629	22	1
4630	22	1
4631	22	1
4632	22	1
4633	22	1
4634	22	1
4635	22	1
4636	22	1
4637	22	1
4638	22	1
4639	22	1
4640	22	1
4641	22	1
4642	22	1
4643	22	1
4644	22	1
4645	22	1
4646	22	1
4647	22	1
4648	22	1
4649	22	1
4650	22	1
4651	22	1
4652	22	1
4653	22	1
4654	22	1
4655	22	1
4656	22	1
4657	22	1
4658	22	1
4659	22	1
4660	22	1
4661	22	1
4662	22	1
4663	22	1
4664	22	1
4665	22	1
4666	22	1
4667	22	1
4668	22	1
4669	22	1
4670	22	1
4671	22	1
4672	22	1
4673	22	1
4674	22	1
4675	22	1
4676	22	1
4677	22	1
4678	22	1
4679	22	1
4680	22	1
4681	22	1
4682	22	1
4683	22	1
4684	22	1
4685	22	1
4686	22	1
4687	22	1
4688	22	1
4689	22	1
4690	22	1
4691	22	1
4692	22	1
4693	22	1
4694	22	1
4695	22	1
4696	22	1
4697	22	1
4698	22	1
4699	22	1
4700	22	1
4701	22	1
4702	22	1
4703	22	1
4704	22	1
4705	22	1
4706	22	1
4707	22	1
4708	22	1
4709	22	1
4710	22	1
4711	22	1
4712	22	1
4713	22	1
4714	22	1
4715	22	1
4716	22	1
4717	22	1
4718	22	1
4719	23	1
4720	23	1
4721	23	1
4722	23	1
4723	23	1
4724	23	1
4725	23	1
4726	23	1
4727	23	1
4728	23	1
4729	23	1
4730	23	1
4731	23	1
4732	23	1
4733	23	1
4734	23	1
4735	23	1
4736	23	1
4737	23	1
4738	23	1
4739	23	1
4740	23	1
4741	23	1
4742	23	1
4743	23	1
4744	23	1
4745	23	1
4746	23	1
4747	23	1
4748	23	1
4749	23	1
4750	23	1
4751	23	1
4752	23	1
4753	23	1
4754	23	1
4755	23	1
4756	23	1
4757	23	1
4758	23	1
4759	23	1
4760	23	1
4761	23	1
4762	23	1
4763	23	1
4764	23	1
4765	23	1
4766	23	1
4767	23	1
4768	23	1
4769	23	1
4770	23	1
4771	23	1
4772	23	1
4773	23	1
4774	23	1
4775	23	1
4776	23	1
4777	23	1
4778	23	1
4779	23	1
4780	23	1
4781	23	1
4782	23	1
4783	24	1
4784	24	1
4785	24	1
4786	24	1
4787	24	1
4788	24	1
4789	24	1
4790	24	1
4791	24	1
4792	24	1
4793	24	1
4794	24	1
4795	24	1
4796	24	1
4797	24	1
4798	24	1
4799	24	1
4800	24	1
4801	24	1
4802	24	1
4803	24	1
4804	24	1
4805	24	1
4806	24	1
4807	24	1
4808	24	1
4809	24	1
4810	24	1
4811	24	1
4812	24	1
4813	24	1
4814	24	1
4815	24	1
4816	24	1
4817	24	1
4818	24	1
4819	24	1
4820	24	1
4821	24	1
4822	24	1
4823	24	1
4824	24	1
4825	24	1
4826	24	1
4827	24	1
4828	24	1
4829	24	1
4830	24	1
4831	24	1
4832	24	1
4833	24	1
4834	24	1
4835	24	1
4836	24	1
4837	24	1
4838	24	1
4839	24	1
4840	24	1
4841	24	1
4842	24	1
4843	24	1
4844	24	1
4845	24	1
4846	24	1
4847	24	1
4848	24	1
4849	24	1
4850	24	1
4851	24	1
4852	24	1
4853	24	1
4854	24	1
4855	24	1
4856	24	1
4857	24	1
4858	24	1
4859	24	1
4860	24	1
4861	24	1
4862	24	1
4863	24	1
4864	24	1
4865	24	1
4866	24	1
4867	24	1
4868	24	1
4869	24	1
4870	24	1
4871	24	1
4872	24	1
4873	24	1
4874	24	1
4875	24	1
4876	24	1
4877	24	1
4878	24	1
4879	24	1
4880	24	1
4881	24	1
4882	24	1
4883	24	1
4884	24	1
4885	24	1
4886	24	1
4887	24	1
4888	24	1
4889	24	1
4890	24	1
4891	24	1
4892	24	1
4893	24	1
4894	24	1
4895	24	1
4896	24	1
4897	24	1
4898	24	1
4899	24	1
4900	24	1
4901	24	1
4902	24	1
4903	24	1
4904	24	1
4905	24	1
4906	24	1
4907	24	1
4908	24	1
4909	24	1
4910	24	1
4911	24	1
4912	24	1
4913	24	1
4914	24	1
4915	24	1
4916	24	1
4917	24	1
4918	24	1
4919	24	1
4920	24	1
4921	24	1
4922	24	1
4923	24	1
4924	24	1
4925	24	1
4926	24	1
4927	24	1
4928	24	1
4929	24	1
4930	24	1
4931	24	1
4932	24	1
4933	24	1
4934	24	1
4935	24	1
4936	24	1
4937	24	1
4938	24	1
4939	24	1
4940	24	1
4941	24	1
4942	24	1
4943	24	1
4944	24	1
4945	24	1
4946	24	1
4947	24	1
4948	24	1
4949	24	1
4950	24	1
4951	24	1
4952	24	1
4953	24	1
4954	24	1
4955	24	1
4956	24	1
4957	24	1
4958	24	1
4959	24	1
4960	24	1
4961	24	1
4962	24	1
4963	24	1
4964	24	1
4965	24	1
4966	24	1
4967	24	1
4968	24	1
4969	24	1
4970	24	1
4971	24	1
4972	24	1
4973	24	1
4974	24	1
4975	24	1
4976	24	1
4977	24	1
4978	24	1
4979	24	1
4980	24	1
4981	24	1
4982	24	1
4983	24	1
4984	24	1
4985	24	1
4986	24	1
4987	24	1
4988	24	1
4989	24	1
4990	24	1
4991	24	1
4992	24	1
4993	24	1
4994	24	1
4995	24	1
4996	24	1
4997	24	1
4998	24	1
4999	24	1
5000	24	1
5001	24	1
5002	24	1
5003	24	1
5004	24	1
5005	24	1
5006	24	1
5007	24	1
5008	24	1
5009	24	1
5010	24	1
5011	24	1
5012	24	1
5013	24	1
5014	24	1
5015	24	1
5016	24	1
5017	24	1
5018	24	1
5019	24	1
5020	24	1
5021	24	1
5022	24	1
5023	24	1
5024	24	1
5025	24	1
5026	24	1
5027	24	1
5028	24	1
5029	24	1
5030	24	1
5031	24	1
5032	24	1
5033	24	1
5034	24	1
5035	24	1
5036	24	1
5037	24	1
5038	24	1
5039	24	1
5040	24	1
5041	24	1
5042	24	1
5043	24	1
5044	24	1
5045	24	1
5046	24	1
5047	24	1
5048	24	1
5049	24	1
5050	24	1
5051	24	1
5052	24	1
5053	24	1
5054	24	1
5055	24	1
5056	24	1
5057	24	1
5058	24	1
5059	24	1
5060	24	1
5061	24	1
5062	24	1
5063	24	1
5064	24	1
5065	24	1
5066	24	1
5067	24	1
5068	24	1
5069	24	1
5070	24	1
5071	24	1
5072	24	1
5073	24	1
5074	24	1
5075	24	1
5076	24	1
5077	24	1
5078	24	1
5079	24	1
5080	24	1
5081	24	1
5082	24	1
5083	24	1
5084	24	1
5085	24	1
5086	24	1
5087	24	1
5088	24	1
5089	24	1
5090	24	1
5091	24	1
5092	24	1
5093	24	1
5094	24	1
5095	24	1
5096	24	1
5097	24	1
5098	24	1
5099	24	1
5100	24	1
5101	24	1
5102	24	1
5103	24	1
5104	24	1
5105	24	1
5106	24	1
5107	24	1
5108	24	1
5109	24	1
5110	24	1
5111	24	1
5112	24	1
5113	24	1
5114	24	1
5115	24	1
5116	24	1
5117	24	1
5118	24	1
5119	24	1
5120	24	1
5121	24	1
5122	24	1
5123	24	1
5124	24	1
5125	24	1
5126	24	1
5127	24	1
5128	24	1
5129	24	1
5130	24	1
5131	24	1
5132	24	1
5133	24	1
5134	24	1
5135	24	1
5136	24	1
5137	24	1
5138	24	1
5139	24	1
5140	24	1
5141	24	1
5142	24	1
5143	24	1
5144	24	1
5145	24	1
5146	24	1
5147	24	1
5148	24	1
5149	24	1
5150	24	1
5151	24	1
5152	24	1
5153	24	1
5154	24	1
5155	24	1
5156	24	1
5157	24	1
5158	24	1
5159	24	1
5160	24	1
5161	24	1
5162	24	1
5163	24	1
5164	24	1
5165	24	1
5166	24	1
5167	24	1
5168	24	1
5169	24	1
5170	24	1
5171	24	1
5172	24	1
5173	24	1
5174	24	1
5175	24	1
5176	24	1
5177	24	1
5178	24	1
5179	24	1
5180	24	1
5181	24	1
5182	24	1
5183	24	1
5184	24	1
5185	24	1
5186	24	1
5187	24	1
5188	24	1
5189	24	1
5190	24	1
5191	24	1
5192	24	1
5193	24	1
5194	24	1
5195	24	1
5196	24	1
5197	24	1
5198	24	1
5199	24	1
5200	24	1
5201	24	1
5202	24	1
5203	24	1
5204	24	1
5205	24	1
5206	24	1
5207	24	1
5208	24	1
5209	24	1
5210	24	1
5211	24	1
5212	24	1
5213	24	1
5214	24	1
5215	24	1
5216	24	1
5217	24	1
5218	24	1
5219	24	1
5220	24	1
5221	24	1
5222	24	1
5223	24	1
5224	24	1
5225	24	1
5226	24	1
5227	24	1
5228	24	1
5229	24	1
5230	24	1
5231	24	1
5232	24	1
5233	24	1
5234	24	1
5235	24	1
5236	24	1
5237	24	1
5238	24	1
5239	24	1
5240	24	1
5241	24	1
5242	24	1
5243	24	1
5244	24	1
5245	24	1
5246	24	1
5247	24	1
5248	24	1
5249	24	1
5250	24	1
5251	24	1
5252	24	1
5253	24	1
5254	24	1
5255	24	1
5256	24	1
5257	25	1
5258	25	1
5259	25	1
5260	25	1
5261	25	1
5262	25	1
5263	25	1
5264	25	1
5265	25	1
5266	25	1
5267	25	1
5268	25	1
5269	25	1
5270	25	1
5271	25	1
5272	25	1
5273	25	1
5274	25	1
5275	25	1
5276	25	1
5277	25	1
5278	25	1
5279	25	1
5280	25	1
5281	25	1
5282	25	1
5283	25	1
5284	25	1
5285	25	1
5286	25	1
5287	25	1
5288	25	1
5289	25	1
5290	25	1
5291	25	1
5292	25	1
5293	25	1
5294	25	1
5295	25	1
5296	25	1
5297	25	1
5298	25	1
5299	25	1
5300	25	1
5301	25	1
5302	25	1
5303	25	1
5304	25	1
5305	25	1
5306	25	1
5307	25	1
5308	25	1
5309	25	1
5310	25	1
5311	25	1
5312	25	1
5313	25	1
5314	25	1
5315	25	1
5316	25	1
5317	25	1
5318	25	1
5319	25	1
5320	25	1
5321	25	1
5322	25	1
5323	25	1
5324	25	1
5325	25	1
5326	25	1
5327	25	1
5328	25	1
5329	25	1
5330	25	1
5331	25	1
5332	25	1
5333	25	1
5334	25	1
5335	25	1
5336	25	1
5337	25	1
5338	25	1
5339	25	1
5340	25	1
5341	25	1
5342	25	1
5343	25	1
5344	25	1
5345	25	1
5346	25	1
5347	25	1
5348	25	1
5349	25	1
5350	25	1
5351	25	1
5352	25	1
5353	25	1
5354	25	1
5355	25	1
5356	25	1
5357	25	1
5358	25	1
5359	25	1
5360	25	1
5361	25	1
5362	25	1
5363	25	1
5364	25	1
5365	25	1
5366	25	1
5367	25	1
5368	25	1
5369	25	1
5370	25	1
5371	25	1
5372	25	1
5373	25	1
5374	25	1
5375	25	1
5376	25	1
5377	25	1
5378	25	1
5379	25	1
5380	25	1
5381	25	1
5382	25	1
5383	25	1
5384	25	1
5385	25	1
5386	25	1
5387	25	1
5388	25	1
5389	25	1
5390	25	1
5391	25	1
5392	25	1
5393	25	1
5394	25	1
5395	25	1
5396	25	1
5397	25	1
5398	25	1
5399	25	1
5400	25	1
5401	25	1
5402	25	1
5403	25	1
5404	25	1
5405	25	1
5406	25	1
5407	25	1
5408	25	1
5409	25	1
5410	25	1
5411	25	1
5412	25	1
5413	25	1
5414	25	1
5415	25	1
5416	25	1
5417	25	1
5418	25	1
5419	25	1
5420	25	1
5421	25	1
5422	25	1
5423	25	1
5424	25	1
5425	25	1
5426	25	1
5427	25	1
5428	25	1
5429	25	1
5430	25	1
5431	25	1
5432	25	1
5433	25	1
5434	25	1
5435	25	1
5436	25	1
5437	25	1
5438	25	1
5439	25	1
5440	25	1
5441	25	1
5442	25	1
5443	25	1
5444	25	1
5445	25	1
5446	25	1
5447	25	1
5448	25	1
5449	25	1
5450	25	1
5451	25	1
5452	25	1
5453	25	1
5454	25	1
5455	25	1
5456	25	1
5457	25	1
5458	25	1
5459	25	1
5460	25	1
5461	25	1
5462	25	1
5463	25	1
5464	25	1
5465	25	1
5466	25	1
5467	25	1
5468	25	1
5469	25	1
5470	25	1
5471	25	1
5472	25	1
5473	25	2
5474	25	2
5475	25	2
5476	25	2
5477	25	2
5478	25	2
5479	25	2
5480	25	2
5481	25	2
5482	25	2
5483	25	2
5484	25	2
5485	25	2
5486	25	2
5487	25	2
5488	25	2
5489	25	2
5490	25	2
5491	25	2
5492	25	2
5493	25	2
5494	25	2
5495	25	2
5496	25	2
5497	25	2
5498	25	2
5499	25	2
5500	25	2
5501	25	2
5502	25	2
5503	25	2
5504	25	2
5505	25	2
5506	25	2
5507	25	2
5508	25	2
5509	25	2
5510	25	2
5511	25	2
5512	25	2
5513	25	2
5514	25	2
5515	25	2
5516	25	2
5517	25	2
5518	25	2
5519	25	2
5520	25	2
5521	25	2
5522	25	2
5523	25	2
5524	25	2
5525	25	2
5526	25	2
5527	25	2
5528	25	2
5529	25	2
5530	25	2
5531	25	2
5532	25	2
5533	25	2
5534	25	1
5535	25	1
5536	25	1
5537	25	1
5538	25	1
5539	25	1
5540	25	1
5541	25	1
5542	25	1
5543	25	1
5544	25	1
5545	25	1
5546	25	1
5547	25	1
5548	25	1
5549	25	1
5550	25	1
5551	25	1
5552	25	1
5553	25	1
5554	25	1
5555	25	1
5556	25	1
5557	25	1
5558	25	1
5559	25	1
5560	25	1
5561	25	1
5562	25	1
5563	25	1
5564	25	1
5565	25	1
5566	25	1
5567	25	1
5568	25	1
5569	25	1
5570	25	1
5571	25	1
5572	25	1
5573	25	1
5574	25	1
5575	25	1
5576	25	1
5577	25	1
5578	25	1
5579	25	1
5580	25	1
5581	25	1
5582	25	1
5583	25	1
5584	25	1
5585	25	1
5586	25	1
5587	25	1
5588	25	1
5589	25	1
5590	25	1
5591	25	1
5592	25	1
5593	25	1
5594	25	1
5595	25	1
5596	25	1
5597	25	1
5598	25	1
5599	25	1
5600	25	1
5601	25	1
5602	25	1
5603	25	1
5604	25	1
5605	25	1
5606	25	1
5607	25	1
5608	25	1
5609	25	1
5610	25	1
5611	25	1
5612	25	1
5613	25	1
5614	25	1
5615	25	1
5616	25	1
5617	25	1
5618	25	1
5619	25	1
5620	25	1
5621	25	1
5622	25	1
5623	25	1
5624	25	1
5625	25	1
5626	25	1
5627	25	1
5628	25	1
5629	25	1
5630	25	1
5631	25	1
5632	25	1
5633	25	1
5634	25	1
5635	25	1
5636	25	1
5637	25	1
5638	25	1
5639	25	1
5640	25	1
5641	25	1
5642	25	1
5643	25	1
5644	25	1
5645	25	1
5646	25	1
5647	26	1
5648	26	1
5649	26	1
5650	26	1
5651	26	1
5652	26	1
5653	26	1
5654	26	1
5655	26	1
5656	26	1
5657	26	1
5658	26	1
5659	26	1
5660	26	1
5661	26	1
5662	26	1
5663	26	1
5664	26	1
5665	26	1
5666	26	1
5667	26	1
5668	26	1
5669	26	1
5670	26	1
5671	26	1
5672	26	1
5673	26	1
5674	26	1
5675	26	1
5676	26	1
5677	26	1
5678	26	1
5679	26	1
5680	26	1
5681	26	1
5682	26	1
5683	26	1
5684	26	1
5685	26	1
5686	26	1
5687	26	1
5688	26	1
5689	26	1
5690	26	1
5691	26	1
5692	26	1
5693	26	1
5694	26	1
5695	26	1
5696	26	1
5697	26	1
5698	26	1
5699	26	1
5700	26	1
5701	26	1
5702	26	1
5703	26	1
5704	26	1
5705	26	1
5706	26	1
5707	26	1
5708	26	1
5709	26	1
5710	26	1
5711	26	1
5712	26	1
5713	26	1
5714	26	1
5715	26	1
5716	26	1
5717	26	1
5718	26	1
5719	26	1
5720	26	1
5721	26	1
5722	26	1
5723	26	1
5724	26	1
5725	26	1
5726	26	1
5727	26	1
5728	26	1
5729	26	1
5730	26	1
5731	26	1
5732	26	1
5733	26	1
5734	26	1
5735	26	1
5736	26	1
5737	26	1
5738	26	1
5739	26	1
5740	26	1
5741	26	1
5742	26	1
5743	26	1
5744	26	1
5745	26	1
5746	26	1
5747	26	1
5748	26	1
5749	26	1
5750	26	1
5751	26	1
5752	26	1
5753	26	1
5754	26	1
5755	26	1
5756	26	1
5757	26	1
5758	26	1
5759	26	1
5760	26	1
5761	26	1
5762	26	1
5763	26	1
5764	26	1
5765	26	1
5766	26	1
5767	26	1
5768	26	1
5769	26	1
5770	26	1
5771	26	1
5772	26	1
5773	26	1
5774	26	1
5775	26	1
5776	26	1
5777	26	1
5778	26	1
5779	26	1
5780	26	1
5781	26	1
5782	26	1
5783	26	1
5784	26	1
5785	26	1
5786	26	1
5787	26	1
5788	26	1
5789	26	1
5790	26	1
5791	26	1
5792	26	1
5793	26	1
5794	26	1
5795	26	2
5796	26	2
5797	26	2
5798	26	2
5799	26	2
5800	26	2
5801	26	2
5802	26	2
5803	26	2
5804	26	2
5805	26	2
5806	26	2
5807	26	2
5808	26	2
5809	26	2
5810	26	2
5811	26	2
5812	26	2
5813	26	2
5814	26	2
5815	26	2
5816	26	2
5817	26	2
5818	26	2
5819	26	2
5820	26	2
5821	26	2
5822	26	2
5823	26	2
5824	26	2
5825	26	2
5826	26	2
5827	26	2
5828	26	2
5829	26	2
5830	26	2
5831	26	2
5832	26	2
5833	26	2
5834	26	2
5835	26	2
5836	26	2
5837	26	2
5838	26	2
5839	26	2
5840	26	2
5841	26	2
5842	26	2
5843	26	2
5844	26	2
5845	26	2
5846	26	2
5847	26	2
5848	26	2
5849	26	2
5850	26	2
5851	26	2
5852	26	2
5853	26	2
5854	26	2
5855	26	2
5856	26	2
5857	26	2
5858	27	2
5859	27	2
5860	27	2
5861	27	2
5862	27	2
5863	27	2
5864	27	2
5865	27	2
5866	27	2
5867	27	2
5868	27	2
5869	27	2
5870	27	2
5871	27	2
5872	27	2
5873	27	2
5874	27	2
5875	27	2
5876	27	2
5877	27	2
5878	27	2
5879	27	2
5880	27	2
5881	27	2
5882	27	2
5883	27	2
5884	27	2
5885	27	2
5886	27	2
5887	27	2
5888	27	2
5889	27	2
5890	27	2
5891	27	2
5892	27	2
5893	27	2
5894	27	2
5895	27	2
5896	27	2
5897	27	2
5898	27	2
5899	27	2
5900	27	2
5901	27	2
5902	27	2
5903	27	2
5904	27	2
5905	27	2
5906	27	2
5907	27	2
5908	27	2
5909	27	2
5910	27	2
5911	27	2
5912	27	2
5913	27	2
5914	27	2
5915	27	2
5916	27	2
5917	27	2
5918	27	2
5919	27	2
5920	27	2
5921	27	2
5922	27	2
5923	27	2
5924	27	2
5925	27	2
5926	27	2
5927	27	2
5928	27	2
5929	27	2
5930	27	2
5931	27	2
5932	27	2
5933	27	2
5934	27	2
5935	27	2
5936	27	2
5937	27	2
5938	27	2
5939	27	2
5940	27	2
5941	27	2
5942	27	2
5943	27	2
5944	27	2
5945	27	2
5946	27	2
5947	27	2
5948	27	2
5949	27	2
5950	27	2
5951	27	2
5952	27	2
5953	27	2
5954	27	2
5955	27	2
5956	27	2
5957	27	2
5958	27	2
5959	27	2
5960	27	2
5961	27	2
5962	27	2
5963	27	2
5964	27	2
5965	27	2
5966	27	2
5967	27	2
5968	27	2
5969	27	2
5970	27	2
5971	27	2
5972	27	2
5973	27	2
5974	27	2
5975	27	2
5976	27	2
5977	27	2
5978	27	2
5979	27	2
5980	27	2
5981	27	2
5982	27	2
5983	27	2
5984	27	2
5985	27	2
5986	27	2
5987	27	2
5988	27	2
5989	27	2
5990	27	2
5991	27	2
5992	27	2
5993	27	2
5994	27	2
5995	27	2
5996	27	2
5997	27	2
5998	27	2
5999	27	2
6000	27	2
6001	27	2
6002	27	2
6003	27	2
6004	27	2
6005	27	2
6006	27	2
6007	27	2
6008	27	2
6009	27	2
6010	27	2
6011	27	2
6012	27	2
6013	27	2
6014	27	2
6015	27	2
6016	27	2
6017	27	2
6018	27	2
6019	27	2
6020	27	2
6021	27	2
6022	27	2
6023	27	2
6024	27	2
6025	27	2
6026	27	2
6027	27	2
6028	27	2
6029	27	2
6030	27	2
6031	27	2
6032	27	2
6033	27	2
6034	27	2
6035	27	2
6036	27	2
6037	27	2
6038	27	2
6039	27	2
6040	27	2
6041	27	2
6042	27	2
6043	27	2
6044	27	2
6045	27	2
6046	27	2
6047	27	2
6048	27	2
6049	27	2
6050	27	2
6051	27	2
6052	27	2
6053	27	2
6054	27	2
6055	27	2
6056	27	2
6057	27	2
6058	27	2
6059	27	2
6060	27	2
6061	27	2
6062	27	2
6063	27	2
6064	27	2
6065	27	2
6066	27	2
6067	27	2
6068	27	2
6069	27	2
6070	27	2
6071	27	2
6072	27	2
6073	27	2
6074	27	2
6075	27	2
6076	27	2
6077	27	2
6078	27	2
6079	27	2
6080	27	2
6081	27	2
6082	27	2
6083	27	2
6084	27	2
6085	27	2
6086	27	2
6087	27	2
6088	27	2
6089	27	2
6090	27	2
6091	27	2
6092	27	2
6093	27	2
6094	27	2
6095	27	2
6096	27	2
6097	27	2
6098	27	2
6099	27	2
6100	27	2
6101	27	2
6102	27	2
6103	27	2
6104	27	2
6105	27	2
6106	27	2
6107	27	2
6108	27	2
6109	27	2
6110	27	2
6111	27	2
6112	27	2
6113	27	2
6114	27	2
6115	27	2
6116	27	2
6117	27	2
6118	27	2
6119	27	2
6120	27	2
6121	27	2
6122	27	2
6123	27	2
6124	27	2
6125	27	2
6126	27	2
6127	27	2
6128	27	2
6129	27	2
6130	27	2
6131	27	2
6132	27	2
6133	27	2
6134	27	2
6135	27	2
6136	27	2
6137	27	2
6138	27	2
6139	27	2
6140	27	2
6141	27	2
6142	27	2
6143	27	2
6144	27	2
6145	27	2
6146	27	2
6147	27	2
6148	27	2
6149	27	2
6150	27	2
6151	27	2
6152	27	2
6153	27	2
6154	27	2
6155	27	2
6156	27	2
6157	27	2
6158	27	2
6159	27	2
6160	27	2
6161	27	2
6162	27	2
6163	27	2
6164	27	2
6165	27	2
6166	27	2
6167	27	2
6168	27	2
6169	27	2
6170	27	2
6171	27	2
6172	27	2
6173	27	2
6174	27	2
6175	27	2
6176	27	2
6177	27	2
6178	27	2
6179	27	2
6180	27	2
6181	27	2
6182	27	2
6183	27	2
6184	27	2
6185	27	2
6186	27	2
6187	27	2
6188	27	2
6189	27	2
6190	27	2
6191	27	2
6192	27	2
6193	27	2
6194	27	2
6195	27	2
6196	27	2
6197	27	2
6198	27	2
6199	27	2
6200	27	2
6201	27	2
6202	27	2
6203	27	2
6204	27	2
6205	27	2
6206	27	2
6207	27	2
6208	27	2
6209	27	2
6210	27	2
6211	27	2
6212	27	2
6213	27	2
6214	27	2
6215	27	2
6216	27	2
6217	27	2
6218	27	2
6219	27	2
6220	27	2
6221	27	2
6222	27	2
6223	27	2
6224	27	2
6225	27	2
6226	27	2
6227	27	2
6228	27	2
6229	27	2
6230	27	2
6231	27	2
6232	27	2
6233	27	2
6234	27	2
6235	27	2
6236	27	2
6237	27	2
6238	27	2
6239	27	2
6240	27	2
6241	27	2
6242	27	2
6243	27	2
6244	27	2
6245	27	2
6246	27	2
6247	27	2
6248	27	2
6249	27	2
6250	27	2
6251	27	2
6252	27	2
6253	27	2
6254	27	2
6255	27	2
6256	27	2
6257	27	2
6258	27	2
6259	27	2
6260	27	2
6261	27	2
6262	27	2
6263	27	2
6264	27	2
6265	27	2
6266	27	2
6267	27	2
6268	27	2
6269	27	2
6270	27	2
6271	27	2
6272	27	2
6273	27	2
6274	27	2
6275	27	2
6276	27	2
6277	27	2
6278	27	2
6279	27	2
6280	27	2
6281	27	2
6282	27	2
6283	27	2
6284	27	2
6285	27	2
6286	27	2
6287	27	2
6288	27	2
6289	27	2
6290	27	2
6291	27	2
6292	27	2
6293	27	2
6294	27	2
6295	27	2
6296	27	2
6297	27	2
6298	27	2
6299	27	2
6300	27	2
6301	27	2
6302	27	2
6303	27	2
6304	27	2
6305	27	2
6306	27	2
6307	27	2
6308	27	2
6309	27	2
6310	27	2
6311	27	2
6312	27	2
6313	27	2
6314	27	2
6315	27	2
6316	27	2
6317	27	2
6318	27	2
6319	27	2
6320	27	2
6321	27	2
6322	27	2
6323	27	2
6324	27	2
6325	27	2
6326	27	2
6327	27	2
6328	27	2
6329	27	2
6330	27	2
6331	27	2
6332	27	2
6333	27	2
6334	27	2
6335	27	2
6336	27	2
6337	27	2
6338	27	2
6339	27	2
6340	27	2
6341	27	2
6342	27	2
6343	27	2
6344	27	2
6345	27	2
6346	27	2
6347	27	2
6348	27	2
6349	27	2
6350	27	2
6351	27	2
6352	27	2
6353	27	2
6354	27	2
6355	27	2
6356	27	2
6357	27	2
6358	27	2
6359	27	2
6360	27	2
6361	27	2
6362	27	2
6363	27	2
6364	27	2
6365	27	2
6366	27	2
6367	27	2
6368	27	2
6369	27	2
6370	27	2
6371	27	2
6372	27	2
6373	27	2
6374	27	2
6375	27	2
6376	27	2
6377	27	2
6378	27	2
6379	27	2
6380	27	2
6381	27	2
6382	27	2
6383	27	2
6384	27	2
6385	27	2
6386	27	2
6387	27	2
6388	27	2
6389	27	2
6390	27	2
6391	27	2
6392	27	2
6393	27	2
6394	27	2
6395	27	2
6396	27	2
6397	27	2
6398	27	2
6399	27	2
6400	27	2
6401	27	2
6402	27	2
6403	27	2
6404	27	2
6405	27	2
6406	27	2
6407	27	2
6408	27	2
6409	27	2
6410	27	2
6411	27	2
6412	27	2
6413	27	2
6414	27	2
6415	27	2
6416	27	2
6417	27	2
6418	27	2
6419	27	2
6420	27	2
6421	27	2
6422	27	2
6423	27	2
6424	27	2
6425	27	2
6426	28	2
6427	28	2
6428	28	2
6429	28	2
6430	28	2
6431	28	2
6432	28	2
6433	28	2
6434	28	2
6435	28	2
6436	28	2
6437	28	2
6438	28	2
6439	28	2
6440	28	2
6441	28	2
6442	28	2
6443	28	2
6444	28	2
6445	28	2
6446	28	2
6447	28	2
6448	28	2
6449	28	2
6450	28	2
6451	28	2
6452	28	2
6453	28	2
6454	28	2
6455	28	2
6456	28	2
6457	28	2
6458	28	2
6459	28	2
6460	28	2
6461	28	2
6462	28	2
6463	28	2
6464	28	2
6465	28	2
6466	28	2
6467	28	2
6468	28	2
6469	28	2
6470	28	2
6471	28	2
6472	28	2
6473	28	2
6474	28	2
6475	28	2
6476	28	2
6477	28	2
6478	28	2
6479	28	2
6480	28	2
6481	28	2
6482	28	2
6483	28	2
6484	28	2
6485	28	2
6486	28	2
6487	28	2
6488	28	2
6489	28	2
6490	28	2
6491	28	2
6492	28	2
6493	28	2
6494	28	2
6495	28	2
6496	28	2
6497	28	2
6498	28	2
6499	28	2
6500	28	2
6501	28	2
6502	28	2
6503	28	2
6504	28	2
6505	28	2
6506	28	2
6507	28	2
6508	28	2
6509	28	3
6510	28	3
6511	28	3
6512	28	3
6513	28	3
6514	28	3
6515	28	3
6516	28	3
6517	28	3
6518	28	3
6519	28	3
6520	28	3
6521	28	3
6522	28	3
6523	28	3
6524	28	3
6525	28	3
6526	28	3
6527	28	3
6528	28	3
6529	28	3
6530	28	3
6531	28	3
6532	28	3
6533	28	3
6534	28	3
6535	28	3
6536	28	3
6537	28	3
6538	28	3
6539	28	3
6540	28	3
6541	28	3
6542	28	3
6543	28	3
6544	28	3
6545	28	3
6546	28	3
6547	28	3
6548	28	3
6549	28	3
6550	28	3
6551	28	3
6552	28	3
6553	28	3
6554	28	3
6555	28	3
6556	28	3
6557	28	3
6558	28	3
6559	28	3
6560	28	3
6561	28	3
6562	28	3
6563	28	3
6564	28	3
6565	28	3
6566	28	3
6567	28	3
6568	28	3
6569	28	3
6570	28	3
6571	28	3
6572	28	3
6573	28	3
6574	28	3
6575	28	3
6576	28	3
6577	28	3
6578	28	3
6579	28	3
6580	28	3
6581	28	3
6582	28	3
6583	28	3
6584	28	3
6585	28	3
6586	28	3
6587	28	3
6588	28	3
6589	28	3
6590	28	3
6591	28	3
6592	28	3
6593	28	3
6594	28	3
6595	28	3
6596	28	3
6597	28	3
6598	28	3
6599	28	3
6600	28	3
6601	28	3
6602	28	3
6603	28	3
6604	28	3
6605	28	3
6606	28	3
6607	28	3
6608	28	3
6609	28	3
6610	28	3
6611	28	3
6612	28	3
6613	28	3
6614	28	3
6615	28	3
6616	28	3
6617	28	3
6618	28	3
6619	28	3
6620	28	3
6621	28	3
6622	28	3
6623	28	3
6624	28	3
6625	28	3
6626	28	3
6627	28	3
6628	28	3
6629	28	3
6630	28	3
6631	28	3
6632	28	3
6633	28	3
6634	28	3
6635	28	3
6636	28	3
6637	28	3
6638	28	3
6639	28	3
6640	28	3
6641	28	3
6642	28	3
6643	28	3
6644	28	3
6645	28	3
6646	28	3
6647	28	3
6648	28	3
6649	28	3
6650	28	3
6651	28	3
6652	28	3
6653	28	3
6654	28	3
6655	28	3
6656	28	3
6657	28	3
6658	28	3
6659	28	3
6660	28	3
6661	28	3
6662	28	3
6663	28	3
6664	28	3
6665	28	3
6666	28	3
6667	28	3
6668	28	3
6669	28	3
6670	28	3
6671	28	3
6672	28	3
6673	28	3
6674	28	3
6675	28	3
6676	28	3
6677	28	3
6678	28	3
6679	28	3
6680	28	3
6681	28	3
6682	28	3
6683	28	3
6684	28	3
6685	28	3
6686	28	3
6687	28	3
6688	28	3
6689	28	3
6690	28	3
6691	28	3
6692	28	3
6693	28	3
6694	28	3
6695	28	3
6696	28	3
6697	28	3
6698	28	3
6699	28	3
6700	28	3
6701	28	3
6702	28	3
6703	28	3
6704	28	3
6705	28	3
6706	28	3
6707	28	3
6708	28	3
6709	28	3
6710	28	3
6711	28	3
6712	28	3
6713	28	3
6714	28	3
6715	28	3
6716	28	3
6717	28	3
6718	28	3
6719	28	3
6720	28	3
6721	28	3
6722	28	3
6723	28	3
6724	28	3
6725	28	3
6726	28	3
6727	28	3
6728	28	3
6729	28	3
6730	28	3
6731	28	3
6732	28	3
6733	28	3
6734	28	3
6735	28	3
6736	28	3
6737	28	3
6738	28	3
6739	28	3
6740	28	3
6741	28	3
6742	28	3
6743	28	3
6744	28	3
6745	28	3
6746	28	3
6747	28	3
6748	28	3
6749	28	3
6750	28	3
6751	28	3
6752	28	3
6753	28	3
6754	28	3
6755	28	3
6756	28	3
6757	28	3
6758	28	3
6759	28	3
6760	28	3
6761	28	3
6762	28	3
6763	28	3
6764	28	3
6765	28	3
6766	28	3
6767	28	3
6768	28	3
6769	28	3
6770	28	3
6771	28	3
6772	28	3
6773	28	3
6774	28	3
6775	28	3
6776	28	3
6777	28	3
6778	28	3
6779	28	3
6780	28	3
6781	28	3
6782	28	3
6783	28	3
6784	28	3
6785	28	3
6786	28	3
6787	28	3
6788	28	3
6789	28	3
6790	28	3
6791	28	3
6792	28	3
6793	28	3
6794	28	3
6795	28	3
6796	28	3
6797	28	3
6798	28	3
6799	28	3
6800	28	3
6801	28	3
6802	28	3
6803	28	3
6804	28	3
6805	28	3
6806	28	3
6807	28	3
6808	28	3
6809	28	3
6810	28	3
6811	28	3
6812	28	3
6813	28	3
6814	28	3
6815	28	3
6816	28	3
6817	28	3
6818	28	3
6819	28	3
6820	28	3
6821	28	3
6822	28	3
6823	28	3
6824	28	3
6825	28	3
6826	28	3
6827	28	3
6828	28	3
6829	28	3
6830	28	3
6831	28	3
6832	28	3
6833	28	3
6834	28	3
6835	28	3
6836	28	3
6837	28	3
6838	28	3
6839	28	3
6840	28	3
6841	28	3
6842	28	3
6843	28	3
6844	28	3
6845	28	3
6846	28	3
6847	28	3
6848	28	3
6849	28	3
6850	28	3
6851	28	3
6852	28	3
6853	28	3
6854	28	3
6855	28	3
6856	28	3
6857	28	3
6858	28	3
6859	28	3
6860	28	3
6861	28	3
6862	28	3
6863	28	3
6864	28	3
6865	28	3
6866	28	3
6867	28	3
6868	28	3
6869	28	3
6870	28	3
6871	28	3
6872	28	3
6873	28	3
6874	28	3
6875	28	3
6876	28	3
6877	28	3
6878	28	3
6879	28	4
6880	28	4
6881	28	4
6882	28	4
6883	28	4
6884	28	4
6885	28	4
6886	28	4
6887	28	4
6888	29	4
6889	29	4
6890	29	4
6891	29	4
6892	29	4
6893	29	4
6894	29	4
6895	29	4
6896	29	4
6897	29	4
6898	29	4
6899	29	4
6900	29	4
6901	29	4
6902	29	4
6903	29	4
6904	29	4
6905	29	4
6906	29	4
6907	29	4
6908	29	4
6909	29	4
6910	29	4
6911	29	4
6912	29	4
6913	29	4
6914	29	4
6915	29	4
6916	29	4
6917	29	4
6918	29	4
6919	29	4
6920	29	4
6921	29	4
6922	29	4
6923	29	4
6924	29	4
6925	29	4
6926	29	4
6927	29	4
6928	29	4
6929	29	4
6930	29	4
6931	29	4
6932	29	4
6933	29	4
6934	29	4
6935	29	4
6936	29	4
6937	29	4
6938	29	4
6939	29	4
6940	29	4
6941	29	4
6942	29	4
6943	29	4
6944	29	4
6945	29	4
6946	29	4
6947	29	4
6948	29	4
6949	29	4
6950	29	4
6951	29	4
6952	29	4
6953	29	4
6954	29	4
6955	29	4
6956	29	4
6957	29	4
6958	29	4
6959	29	4
6960	29	4
6961	29	4
6962	29	4
6963	29	4
6964	29	4
6965	29	4
6966	29	4
6967	29	4
6968	29	4
6969	29	4
6970	29	4
6971	29	4
6972	29	4
6973	29	4
6974	29	4
6975	29	4
6976	29	4
6977	29	4
6978	29	4
6979	29	4
6980	29	4
6981	29	4
6982	29	4
6983	29	4
6984	29	4
6985	29	4
6986	29	4
6987	29	4
6988	29	4
6989	29	4
6990	29	4
6991	29	4
6992	29	4
6993	29	4
6994	29	4
6995	29	4
6996	29	4
6997	29	5
6998	29	5
6999	29	5
7000	29	5
7001	29	5
7002	29	5
7003	29	5
7004	29	5
7005	29	5
7006	29	5
7007	29	5
7008	29	5
7009	29	5
7010	29	5
7011	29	5
7012	29	5
7013	29	5
7014	29	5
7015	29	5
7016	29	5
7017	29	5
7018	29	5
7019	29	5
7020	29	4
7021	29	4
7022	29	4
7023	29	4
7024	29	4
7025	29	4
7026	29	4
7027	29	4
7028	29	4
7029	29	4
7030	29	4
7031	29	4
7032	29	4
7033	29	4
7034	29	4
7035	29	4
7036	29	4
7037	29	4
7038	29	4
7039	29	4
7040	29	4
7041	29	4
7042	29	4
7043	29	4
7044	29	4
7045	29	4
7046	29	4
7047	29	4
7048	29	4
7049	29	4
7050	29	4
7051	29	4
7052	29	4
7053	29	4
7054	29	4
7055	29	4
7056	29	4
7057	29	4
7058	29	4
7059	29	4
7060	29	4
7061	29	4
7062	29	4
7063	29	4
7064	29	4
7065	29	4
7066	29	4
7067	29	4
7068	29	4
7069	29	4
7070	29	4
7071	29	4
7072	29	4
7073	29	4
7074	29	4
7075	29	4
7076	29	4
7077	29	4
7078	29	4
7079	29	4
7080	29	4
7081	29	4
7082	29	4
7083	29	4
7084	29	4
7085	29	4
7086	29	4
7087	29	4
7088	29	4
7089	29	4
7090	29	4
7091	29	4
7092	29	4
7093	29	4
7094	29	4
7095	29	4
7096	29	4
7097	29	4
7098	29	4
7099	29	4
7100	29	4
7101	29	4
7102	29	4
7103	29	4
7104	29	4
7105	29	4
7106	29	4
7107	29	4
7108	29	4
7109	29	4
7110	29	4
7111	29	4
7112	29	4
7113	29	4
7114	29	4
7115	29	4
7116	29	4
7117	30	4
7118	30	4
7119	30	4
7120	30	4
7121	30	4
7122	30	4
7123	30	4
7124	30	4
7125	30	4
7126	30	4
7127	30	4
7128	30	4
7129	30	4
7130	30	4
7131	30	4
7132	30	4
7133	30	4
7134	30	4
7135	30	4
7136	30	4
7137	30	4
7138	30	4
7139	30	5
